500 6225
72 369
233 317
103 188
186 255
234 296
19 89
460 462
220 427
184 423
4 78
403 477
47 283
58 486
379 436
155 300
104 155
37 57
33 358
133 440
110 184
12 343
124 222
146 500
334 412
310 404
367 383
344 389
233 318
139 347
181 483
222 377
224 293
212 424
28 222
100 422
101 104
451 474
64 348
299 315
162 313
149 400
241 469
1 9
21 409
126 296
17 59
43 58
242 445
273 452
464 477
133 358
199 465
15 284
115 476
129 205
425 445
186 314
131 484
34 265
168 186
282 370
30 332
330 346
195 295
178 492
96 253
29 256
4 199
161 320
45 249
92 330
315 336
337 349
237 289
292 362
129 441
253 397
173 255
273 375
258 483
30 470
298 449
61 365
196 263
172 281
321 472
221 418
405 473
257 492
116 186
304 465
176 339
406 437
66 385
104 364
32 315
421 464
449 500
47 474
279 323
402 430
349 371
224 455
321 387
335 458
9 241
241 299
79 148
75 212
65 130
96 160
47 121
102 189
450 462
114 127
50 227
23 193
15 66
3 256
38 289
272 426
93 166
260 394
309 324
55 279
7 404
229 294
387 404
94 118
14 38
30 149
153 323
43 301
356 434
80 415
108 153
88 291
134 397
133 497
330 450
121 416
100 459
335 412
484 488
276 354
31 203
95 168
177 375
118 262
79 286
142 386
52 366
11 257
36 332
262 289
186 498
320 359
412 435
2 75
164 346
236 440
192 370
223 470
430 438
52 475
266 279
45 398
84 406
88 425
209 473
23 324
63 265
65 485
221 499
220 454
1 470
140 373
139 323
93 156
289 391
177 307
208 285
84 112
188 295
112 473
66 107
163 296
1 146
243 344
132 476
26 286
73 327
398 478
323 377
380 386
64 411
347 447
31 209
240 243
30 389
67 71
123 354
56 470
344 435
428 472
23 489
126 394
62 140
66 170
273 335
212 409
200 319
88 375
262 493
289 378
343 399
295 342
147 157
4 128
87 441
33 152
27 115
13 492
147 478
130 440
211 264
85 374
37 453
52 56
3 174
11 278
55 412
81 440
446 484
254 279
262 410
235 286
64 383
196 201
87 411
91 396
38 354
319 474
264 448
190 426
70 408
169 351
37 83
380 476
323 390
136 479
146 461
297 351
146 464
173 270
266 271
74 386
104 331
220 225
218 326
397 500
124 374
123 378
74 227
187 353
244 492
271 392
35 427
154 396
96 106
247 384
15 351
114 135
398 438
5 247
366 467
141 328
466 484
122 426
312 408
22 26
258 331
258 482
106 109
18 372
67 205
211 248
233 364
266 362
190 429
173 366
241 441
206 454
6 368
152 282
111 321
306 321
176 281
1 165
10 29
303 475
50 378
55 63
177 324
3 422
86 332
200 374
166 389
73 364
53 55
124 392
8 148
178 334
177 276
118 258
190 298
52 114
17 299
150 418
67 417
86 147
65 203
21 299
75 418
10 367
142 349
294 432
255 462
73 367
430 437
131 431
15 104
117 221
1 384
259 405
37 464
12 169
49 425
271 330
22 122
37 380
110 131
347 430
169 183
158 220
132 403
54 366
346 367
44 496
127 258
284 403
56 102
37 353
91 470
250 341
255 261
9 266
253 444
276 424
146 222
328 462
19 34
329 385
253 417
282 312
195 325
326 442
37 292
149 154
132 462
236 301
357 376
39 207
158 194
305 319
52 492
427 471
387 482
2 119
65 244
122 180
496 499
238 320
45 322
74 357
48 114
192 433
110 407
42 325
174 246
420 494
120 208
433 466
75 495
65 385
357 414
325 369
68 131
397 447
86 144
360 417
99 277
33 268
89 99
377 473
393 474
289 344
54 140
27 136
457 491
34 238
237 438
71 109
92 111
441 482
3 313
214 358
255 362
24 222
409 435
146 244
344 485
182 456
91 148
17 274
49 170
84 130
192 424
81 244
90 313
348 499
405 494
100 161
188 206
82 475
177 301
75 410
117 397
110 366
154 363
267 406
414 477
21 24
140 298
233 340
139 245
464 487
324 489
397 471
132 428
129 494
32 143
407 449
136 409
317 319
76 325
64 340
40 124
243 444
1 435
340 349
114 409
6 303
28 444
288 357
231 345
333 493
290 429
202 272
9 154
143 398
145 414
209 436
48 135
354 437
19 449
296 440
363 492
71 222
358 482
155 411
247 459
59 241
88 331
27 380
348 492
186 473
49 423
85 476
441 442
139 383
39 400
319 486
45 332
70 205
177 279
232 429
163 342
140 236
105 380
117 136
80 473
332 471
78 172
64 378
31 418
126 140
44 161
206 292
412 477
89 301
262 349
155 218
106 292
187 342
32 454
52 495
310 466
122 408
5 387
63 449
339 381
135 369
56 401
14 143
15 364
6 381
67 491
5 143
291 389
16 141
139 356
8 278
255 376
453 494
257 384
159 275
50 169
101 298
162 401
62 439
170 226
16 148
12 121
192 210
218 465
125 341
279 443
168 442
317 476
334 376
170 397
100 131
199 349
67 171
111 284
29 444
219 302
324 406
348 430
124 155
242 342
265 460
33 153
2 375
6 347
340 362
191 282
165 384
1 185
430 453
490 499
15 152
35 306
89 232
135 383
75 86
110 392
219 266
143 361
17 464
429 448
257 399
223 256
241 254
147 419
117 216
277 417
96 416
10 312
81 431
28 148
10 429
299 330
74 389
2 225
58 454
357 391
270 425
60 392
329 346
155 463
84 186
79 430
8 254
131 139
29 379
294 483
120 301
115 200
318 380
88 440
381 471
97 483
163 204
33 202
275 326
62 171
97 369
201 335
283 404
227 479
35 48
16 162
197 379
381 450
195 227
153 490
17 366
21 137
276 432
161 440
210 233
127 128
231 403
430 478
4 273
13 409
79 436
285 489
313 400
159 383
289 296
213 374
171 449
141 350
117 205
476 500
342 411
7 327
330 336
187 345
24 405
354 480
427 428
6 220
207 362
287 462
379 423
149 198
197 398
272 393
428 435
174 206
128 195
34 143
8 488
12 288
40 140
103 411
387 476
69 118
256 324
430 485
265 422
253 371
52 221
30 376
432 495
6 43
292 485
76 215
64 153
284 498
400 410
277 456
52 424
63 127
51 360
208 291
47 492
254 420
36 73
285 415
36 479
211 338
271 307
416 463
99 340
26 330
284 382
67 311
132 207
60 291
304 497
155 335
24 150
275 325
163 211
132 390
62 449
140 451
327 376
166 408
32 323
12 442
12 232
101 227
13 83
38 292
192 212
46 88
116 233
163 288
284 452
366 388
354 385
257 467
141 294
51 167
139 168
30 426
419 485
335 447
270 365
265 322
451 458
106 484
140 142
215 219
295 426
42 260
244 311
318 401
224 248
277 423
293 404
119 167
274 422
129 495
224 361
199 441
105 481
254 473
152 191
316 443
121 412
375 442
108 452
200 239
285 452
59 307
9 223
92 118
110 120
158 441
404 500
103 497
259 437
48 211
242 434
131 452
89 419
134 371
106 381
168 392
96 230
331 408
28 473
113 308
11 104
137 188
58 79
219 499
182 416
75 419
79 450
293 387
253 423
216 359
68 80
54 342
339 401
34 324
264 443
50 77
191 230
126 245
407 425
323 395
31 225
232 398
119 168
63 147
16 105
27 142
5 321
114 250
19 361
25 301
375 398
362 451
186 336
147 301
38 389
34 113
403 469
33 301
134 386
395 486
337 379
130 331
34 109
92 160
356 366
180 383
153 491
349 418
144 479
221 294
53 152
249 500
84 430
94 303
252 430
199 257
16 182
182 319
284 328
113 208
118 435
432 434
48 125
218 393
67 229
231 396
87 220
17 499
173 388
361 429
267 379
210 298
18 344
168 335
117 309
24 458
162 455
112 385
232 264
170 197
32 460
178 359
146 180
106 204
129 237
142 488
107 477
122 308
11 52
330 409
108 158
178 374
43 156
199 243
62 114
267 463
142 145
311 367
346 402
150 350
14 232
216 324
86 329
75 386
104 264
88 494
140 328
104 106
251 384
386 436
197 230
186 232
21 349
277 315
198 483
171 499
80 123
210 214
138 385
366 382
12 366
420 435
190 421
200 367
385 438
215 369
23 32
239 339
293 439
8 256
313 428
178 337
155 394
58 162
43 279
297 411
72 493
287 357
6 54
73 379
164 419
130 325
2 466
50 179
48 59
11 229
131 193
144 168
12 421
129 343
108 358
143 459
123 209
460 491
32 239
69 228
166 230
148 313
41 144
331 418
342 452
144 413
219 281
90 159
227 237
158 183
420 453
75 192
154 346
70 454
6 299
245 394
114 271
37 489
271 406
136 386
238 342
26 169
133 341
15 498
229 483
168 178
140 280
102 429
220 409
32 175
35 322
275 476
211 335
14 379
235 366
43 444
308 377
54 142
74 154
102 441
163 420
178 390
70 91
122 420
245 330
237 300
101 136
83 299
74 176
366 477
10 474
34 339
211 400
324 390
197 244
431 462
364 418
8 115
329 416
196 324
21 48
106 126
141 498
60 91
207 229
135 190
59 481
72 79
131 283
148 184
152 274
295 365
384 484
18 307
411 443
79 428
161 419
65 202
399 400
213 452
1 407
40 164
254 432
297 386
60 391
207 279
294 398
299 410
52 477
29 449
32 495
350 406
9 74
191 323
8 70
68 398
15 488
360 446
241 416
42 409
133 279
380 401
158 375
208 242
222 392
178 442
32 381
16 307
367 484
205 259
168 348
49 119
273 348
80 349
200 478
57 343
119 223
41 426
327 329
5 309
180 235
425 449
86 292
321 465
280 366
23 469
157 381
283 375
146 176
213 372
71 435
144 276
161 335
369 433
28 177
208 499
217 468
14 420
128 354
180 268
120 360
408 474
145 440
162 406
147 302
254 355
81 354
147 379
92 327
237 338
139 376
270 404
280 334
190 341
114 443
151 318
144 286
96 430
109 293
285 473
109 278
235 474
46 295
19 488
54 432
93 280
102 167
27 29
56 259
129 496
93 297
102 161
58 475
99 194
153 488
272 386
138 216
201 399
260 328
409 413
287 315
71 408
133 175
59 483
37 391
153 193
255 430
179 186
219 230
248 253
400 421
20 155
369 489
386 494
107 460
147 162
171 200
361 430
32 36
409 494
205 293
134 345
195 214
194 259
149 369
242 479
186 388
132 376
154 206
2 158
297 477
125 136
23 319
102 120
300 459
280 420
101 177
45 290
158 421
18 359
9 55
52 308
47 405
369 466
399 457
41 221
304 372
107 375
283 350
234 300
37 165
177 247
294 441
314 408
446 454
70 229
98 218
61 149
376 419
247 405
76 205
23 365
188 373
184 484
38 369
411 472
296 361
118 183
273 437
195 469
230 356
429 488
165 231
140 496
434 475
130 475
219 247
106 291
243 429
74 121
34 134
200 306
37 221
128 267
119 165
164 297
200 442
281 403
120 448
12 281
162 204
180 347
119 170
406 450
66 102
247 321
231 419
382 412
221 334
108 115
58 328
58 322
208 378
275 363
346 498
165 315
161 403
203 464
396 439
187 392
273 439
316 363
101 408
82 385
7 409
124 315
97 298
66 342
267 320
3 347
30 498
353 486
112 312
192 254
185 452
157 393
240 282
370 384
305 338
284 429
25 448
130 308
77 90
292 386
374 481
8 472
42 158
2 202
261 380
6 263
76 192
212 327
187 411
414 467
49 200
284 455
43 147
149 462
61 491
57 335
21 56
328 365
211 408
292 338
1 239
270 368
41 131
279 337
163 175
221 455
213 226
19 325
106 306
270 298
74 398
179 401
201 267
8 419
171 473
318 340
195 238
309 475
315 403
109 200
19 276
188 213
104 466
293 447
105 410
58 462
115 155
139 231
128 417
371 464
71 279
29 498
270 437
188 312
193 400
41 490
24 201
353 380
43 152
148 389
6 235
161 271
137 233
272 385
122 173
306 416
89 213
173 466
10 180
273 460
321 364
47 133
213 498
6 455
53 130
233 244
36 311
34 93
142 284
38 419
200 414
143 493
182 341
11 169
57 202
110 377
93 419
34 393
365 472
231 235
276 450
332 481
223 457
7 344
157 238
18 82
16 336
205 247
169 284
127 215
77 133
54 298
22 441
91 159
100 305
170 426
219 240
123 425
22 453
266 500
175 203
27 267
80 396
229 423
342 477
41 106
126 250
80 245
341 374
43 151
7 40
377 480
211 251
196 391
235 275
106 331
128 376
165 421
35 358
172 232
357 470
97 484
110 332
35 362
34 418
297 451
423 494
226 421
97 253
287 350
127 151
84 458
108 497
125 420
43 493
273 364
416 483
91 441
100 462
227 376
353 481
42 380
86 402
117 158
394 421
432 437
108 150
6 479
411 451
114 260
394 459
16 244
25 323
262 465
19 56
182 432
75 209
344 356
326 332
248 381
118 243
140 377
152 255
339 485
423 452
177 368
99 201
10 345
176 198
92 249
112 257
125 149
266 463
136 328
380 405
80 242
322 485
120 227
5 470
310 485
120 139
334 416
193 424
395 409
20 448
73 451
183 231
8 348
279 384
15 54
45 171
134 322
63 379
278 442
1 348
89 137
110 168
158 313
58 442
155 212
221 349
25 44
141 331
343 489
78 384
148 235
5 268
101 406
331 466
170 478
40 271
206 499
210 429
115 120
84 379
326 373
60 211
317 338
7 478
200 213
55 140
22 30
228 343
309 444
12 92
180 221
34 151
141 228
145 328
322 350
9 76
22 156
141 340
355 463
62 207
141 370
11 399
287 362
7 20
403 494
285 444
314 379
86 443
215 394
351 407
191 260
218 485
60 410
123 414
123 309
134 441
148 224
192 441
206 456
202 299
23 314
255 325
213 352
134 171
284 367
282 428
51 122
13 368
107 302
22 492
174 392
72 311
232 347
461 494
238 351
67 190
113 188
402 464
195 251
163 488
151 294
154 466
61 187
54 138
135 327
410 454
9 194
49 363
182 243
290 310
128 176
295 377
69 479
68 168
23 223
343 426
77 320
129 264
407 419
194 238
194 360
257 262
335 399
97 416
272 499
267 493
153 305
87 472
24 96
307 483
18 135
153 361
82 372
206 493
25 485
18 366
205 266
104 290
19 247
8 59
366 409
181 223
136 344
96 135
305 444
22 106
51 329
55 85
297 304
419 443
69 499
8 332
41 57
24 455
357 358
166 350
40 362
347 466
102 359
221 421
165 179
224 276
107 461
150 479
51 254
83 243
110 421
270 364
339 373
35 460
56 175
173 371
444 458
145 393
166 222
73 245
85 94
149 499
7 428
214 346
284 337
494 500
204 441
102 479
248 412
145 170
115 350
33 134
255 349
350 360
279 315
87 426
222 403
392 489
48 128
21 279
345 475
24 282
259 397
279 311
430 481
28 310
117 390
361 377
408 437
224 453
262 315
144 369
161 301
13 277
308 484
406 496
363 462
339 490
185 499
359 381
199 479
80 321
135 408
417 439
36 52
267 338
114 451
254 491
339 439
138 299
219 471
319 345
203 300
243 441
191 299
170 206
267 282
17 341
311 372
61 444
61 75
309 326
137 377
153 350
200 440
270 458
285 428
218 337
3 268
470 489
486 487
204 460
133 405
410 498
112 421
292 415
317 438
322 361
19 51
14 215
172 280
117 146
44 62
193 216
32 122
7 178
178 348
172 411
22 470
209 342
160 323
237 280
207 334
3 161
98 285
405 455
2 112
223 249
297 337
163 394
8 316
348 402
219 268
163 297
18 50
79 395
113 159
59 358
67 486
299 486
117 183
122 298
342 435
123 357
215 318
225 267
94 477
25 363
18 328
185 231
39 191
345 469
164 335
21 182
119 146
125 184
346 454
22 43
81 238
254 357
27 340
225 240
192 328
271 402
162 358
183 498
44 452
182 493
221 332
84 225
239 489
282 329
287 405
339 483
251 409
363 455
14 359
15 431
190 461
238 464
94 354
331 343
90 405
110 203
248 275
146 196
18 373
67 216
121 397
174 212
145 288
347 455
86 237
309 404
309 403
109 181
382 437
2 382
218 416
43 362
186 192
163 492
82 105
197 452
238 391
166 484
320 490
92 205
421 431
128 408
309 384
67 279
151 281
52 138
30 61
386 489
401 416
40 227
251 479
152 471
18 79
64 230
110 306
96 435
278 407
181 286
55 66
437 457
338 465
369 488
206 343
115 245
6 29
140 243
43 179
277 286
110 239
38 441
131 400
49 248
150 339
327 421
425 467
216 316
14 127
131 445
296 484
264 397
75 91
4 445
184 486
15 289
235 370
112 307
22 189
317 339
203 312
64 142
321 485
475 479
225 394
98 147
379 435
291 317
135 315
91 247
211 395
114 458
318 410
272 361
17 440
392 472
98 455
16 214
70 393
11 379
216 464
172 229
443 454
190 300
413 462
112 395
246 360
352 382
271 404
402 496
300 400
43 454
186 195
116 475
14 40
136 186
168 395
155 289
334 488
251 414
49 108
274 353
19 395
16 324
232 334
374 420
62 467
35 340
341 418
91 124
19 363
364 464
62 185
214 413
202 455
202 441
160 440
36 485
182 210
128 289
290 487
75 88
317 340
251 350
143 289
309 381
135 472
383 480
173 429
302 485
49 150
325 356
98 489
366 448
174 234
165 221
90 362
108 429
21 447
47 87
183 491
122 321
346 394
385 497
238 384
39 347
345 360
170 450
83 233
176 329
278 429
125 436
183 497
159 389
147 418
74 490
114 133
298 394
191 450
269 398
176 393
416 473
94 414
182 299
208 374
55 281
136 306
19 74
295 452
69 300
205 386
289 291
33 138
60 266
87 445
210 359
92 495
76 255
66 434
190 433
78 190
320 321
314 442
147 310
139 153
146 178
1 176
88 374
275 342
83 377
379 433
136 443
80 326
124 314
112 203
47 462
196 292
437 478
158 273
78 495
32 241
317 433
19 388
111 153
233 371
199 253
55 369
208 441
38 174
53 67
56 257
171 379
178 350
292 424
449 468
85 309
264 269
105 256
99 379
34 60
475 497
157 418
360 409
93 96
129 373
176 356
157 272
34 169
157 201
144 455
263 463
404 469
253 278
147 441
185 289
215 348
207 221
397 493
59 77
61 192
85 401
30 184
452 475
213 224
239 344
245 388
24 380
66 146
228 440
82 246
228 347
63 242
201 477
437 455
195 305
52 196
144 375
83 263
155 267
338 383
411 440
243 361
175 186
150 161
372 482
62 369
220 232
121 408
56 417
175 220
308 474
155 274
16 151
126 257
311 420
98 299
107 134
255 432
344 398
343 471
46 170
36 442
123 353
346 473
427 449
273 445
1 46
285 410
175 223
25 398
114 203
63 228
131 148
201 435
252 461
187 453
194 281
59 237
137 420
367 394
38 320
45 388
323 468
194 358
251 425
120 272
104 201
256 267
229 407
471 493
310 497
175 474
282 466
362 401
18 54
64 389
158 218
294 457
106 216
359 387
104 324
322 489
107 158
8 210
126 158
14 347
417 425
37 212
3 56
397 433
296 381
147 234
263 359
12 21
122 433
74 184
11 46
275 381
5 11
118 391
7 39
13 45
99 112
188 411
136 357
50 252
450 468
46 484
138 420
10 349
209 492
147 376
244 479
83 97
32 229
217 258
53 83
154 428
167 345
46 377
117 356
169 186
31 376
302 378
115 215
23 366
271 499
55 313
174 458
218 451
123 355
175 255
195 333
49 151
278 491
234 368
53 474
196 296
134 263
21 297
383 492
93 418
8 103
166 367
433 449
169 481
114 424
116 295
74 454
145 445
235 401
115 291
228 444
136 452
372 392
136 450
127 310
477 493
53 309
234 297
352 464
7 463
247 345
14 490
3 139
151 251
16 138
231 499
45 71
103 386
47 326
123 278
87 183
179 190
52 449
72 246
28 344
292 422
19 274
126 247
126 289
29 404
306 439
126 475
90 283
59 477
65 409
103 244
35 52
24 204
129 137
252 491
168 171
215 418
87 451
343 440
115 128
180 408
119 202
95 396
22 340
68 274
92 359
87 276
6 170
12 472
196 476
230 313
101 423
274 292
143 268
291 463
87 246
263 296
312 403
91 346
74 115
164 416
166 499
202 478
379 394
232 326
471 496
347 463
44 197
226 279
104 413
76 428
241 402
324 407
89 394
25 337
18 231
316 420
12 77
191 287
325 452
303 477
39 361
220 441
146 224
433 455
160 266
49 111
14 133
41 138
214 477
342 374
336 430
151 256
122 211
17 24
231 431
23 399
122 320
303 448
151 302
152 393
35 55
445 483
402 404
8 404
1 469
64 300
80 369
120 220
130 225
73 221
214 468
93 315
184 194
35 458
152 321
90 426
214 245
7 55
342 428
186 399
104 257
381 477
193 271
421 453
228 484
33 287
226 378
168 248
259 414
385 414
241 315
161 464
198 433
49 350
53 233
3 391
90 368
28 176
28 198
411 450
324 371
73 398
333 416
102 223
161 376
11 454
38 487
96 351
107 362
46 304
73 118
155 354
432 475
159 349
280 492
161 192
150 330
58 83
51 117
77 246
84 469
66 336
170 423
270 336
217 393
156 213
403 426
89 97
212 441
44 275
175 250
196 492
362 467
116 270
143 314
93 407
261 309
13 150
275 499
5 432
127 342
239 410
68 86
222 254
57 321
70 459
21 59
259 449
23 403
348 447
434 468
49 299
100 432
26 226
158 412
53 399
169 376
79 186
192 454
115 429
144 492
337 362
150 153
172 249
65 452
59 393
158 426
14 443
82 256
82 170
407 417
144 496
260 282
105 247
97 344
84 351
14 338
262 286
52 80
35 293
236 449
36 345
2 293
244 300
131 297
55 148
260 344
77 255
350 461
17 437
39 127
416 449
96 237
368 422
1 108
58 221
110 409
280 347
188 363
316 464
1 257
253 395
94 492
148 249
184 443
101 348
276 363
291 349
142 202
117 431
135 352
154 220
15 58
110 314
222 310
146 434
302 305
150 204
54 355
280 283
81 257
289 339
458 500
159 325
137 332
403 419
139 337
152 287
170 499
112 131
51 62
137 366
66 486
391 397
3 398
132 191
93 317
226 338
68 359
29 405
298 303
91 276
132 234
242 427
240 400
169 466
154 302
17 368
41 297
1 77
211 437
124 244
335 363
287 370
44 253
15 390
78 272
347 353
10 198
58 411
85 442
158 453
159 198
19 144
161 348
110 214
214 499
389 460
181 242
253 448
81 235
218 345
35 108
96 352
183 483
11 75
143 310
181 357
348 358
57 261
381 414
268 333
25 317
300 360
344 459
160 389
18 74
212 297
30 373
39 362
47 335
7 335
63 266
393 466
73 253
13 349
319 425
44 66
187 213
63 362
66 286
120 384
419 429
143 375
8 86
143 380
67 137
89 189
73 279
25 300
109 141
7 482
20 412
166 195
131 439
27 170
6 17
84 118
20 57
83 101
91 456
11 218
145 441
220 500
337 398
342 484
440 491
136 218
8 211
23 296
80 443
193 314
309 372
88 421
224 472
353 408
48 355
83 241
115 363
177 321
74 85
112 128
28 440
295 411
74 173
294 448
125 448
33 269
131 495
147 159
71 454
120 189
185 371
465 482
43 219
145 297
297 410
265 454
18 401
279 408
1 475
27 215
155 277
178 253
173 186
408 451
78 463
271 391
34 326
99 355
408 427
183 282
278 490
47 186
125 416
175 378
289 328
281 350
207 337
60 406
73 143
277 404
269 326
159 464
24 202
307 396
210 281
351 473
260 472
66 466
309 456
24 301
122 285
369 459
136 337
52 194
144 232
46 47
236 475
311 485
57 178
140 371
140 333
119 319
275 452
313 424
219 396
308 353
106 317
148 382
180 226
95 139
82 300
165 376
133 427
25 432
310 438
68 154
265 295
260 473
475 495
427 435
145 149
338 472
109 243
177 309
227 247
198 305
170 462
364 425
334 375
225 481
105 268
468 485
17 60
89 453
86 163
193 244
65 118
277 367
202 292
65 454
16 66
89 341
39 327
64 280
202 417
72 488
451 491
270 310
364 467
117 461
189 197
353 365
61 68
205 455
240 242
160 420
58 211
165 449
110 329
225 319
239 487
86 244
293 407
72 489
224 264
179 394
37 271
43 337
263 282
171 427
1 304
35 455
387 439
353 483
144 317
323 391
169 384
170 278
146 168
416 437
57 237
318 330
53 94
54 453
215 453
96 211
19 467
152 183
12 368
235 295
104 319
16 248
70 95
27 462
325 486
367 411
314 383
220 494
42 497
245 363
163 380
144 219
182 208
112 478
54 434
20 369
78 174
438 455
189 352
126 167
75 344
194 404
130 486
54 211
229 403
460 475
257 421
22 70
6 281
232 262
251 284
159 398
303 465
56 250
86 200
152 275
176 487
295 314
201 389
408 449
262 437
3 267
8 108
100 427
100 235
64 500
170 268
114 217
232 366
96 326
328 432
42 487
262 341
46 308
4 289
150 366
220 434
18 76
396 406
37 339
221 487
310 323
405 465
196 252
331 498
127 391
18 294
202 430
190 390
225 338
440 483
158 314
89 244
243 284
26 230
353 418
77 265
168 355
306 425
110 252
271 451
423 475
232 305
173 356
19 90
199 230
91 245
82 176
186 394
122 458
321 375
251 326
259 352
162 182
107 430
140 391
122 244
70 192
451 470
154 473
84 137
397 408
185 250
12 497
179 445
14 264
279 397
235 372
19 460
66 240
4 482
339 390
160 349
116 404
93 426
365 409
16 330
339 500
70 349
281 359
15 123
146 292
154 167
157 463
305 411
427 438
12 413
64 121
124 283
27 427
405 424
389 399
405 435
253 336
420 423
315 429
297 380
342 402
129 446
41 372
381 474
9 384
280 384
68 119
40 323
38 326
156 497
209 430
105 143
169 452
70 320
316 398
330 355
12 476
224 309
352 380
183 261
32 372
95 411
113 155
429 484
122 385
312 493
194 342
15 64
6 119
255 406
88 232
213 223
31 74
109 184
26 66
190 192
258 453
334 397
99 405
266 410
282 344
12 474
15 439
145 420
53 379
170 261
472 474
70 321
77 483
125 211
190 362
241 316
328 367
115 154
273 494
287 426
259 278
192 405
360 390
119 467
49 203
133 397
244 320
84 148
209 299
105 147
125 435
222 459
287 486
247 374
362 414
129 164
249 463
72 137
2 175
375 479
236 309
81 293
17 324
90 355
86 495
34 322
192 332
74 316
16 45
56 239
326 357
9 308
209 317
146 473
27 60
264 475
60 217
430 440
17 285
311 384
79 318
53 61
357 457
97 352
183 454
48 202
147 341
134 284
248 344
287 373
314 346
221 234
224 422
159 247
218 221
69 494
238 269
131 250
94 345
203 425
405 436
60 104
178 272
141 157
136 302
152 326
80 196
122 395
80 119
14 187
355 403
315 413
196 482
344 414
48 122
89 474
361 477
55 72
409 487
99 430
481 498
115 241
95 132
138 398
32 369
297 369
99 239
279 321
280 369
179 336
120 429
72 362
265 328
239 322
144 414
430 432
316 454
334 448
24 130
49 101
290 401
54 500
155 462
176 236
403 418
349 357
101 151
274 377
65 490
10 291
216 404
225 447
76 122
109 258
103 164
9 172
247 433
227 489
358 446
368 485
83 242
207 486
146 158
412 430
9 138
121 291
17 382
443 471
110 226
10 145
253 347
248 333
189 436
93 412
54 302
278 312
73 150
184 202
339 486
2 428
50 133
173 271
9 190
61 475
205 428
372 481
92 364
269 465
375 380
155 203
199 322
44 239
250 303
148 351
201 250
360 481
28 325
143 181
296 433
111 332
166 255
93 202
47 169
315 448
86 105
325 350
156 265
74 256
93 291
137 433
72 168
202 252
383 460
81 187
111 400
186 327
53 454
200 233
350 477
13 387
354 466
272 367
164 286
61 382
20 275
7 45
108 244
366 460
51 355
221 429
169 362
222 456
87 108
234 287
127 328
304 310
344 360
336 410
107 294
1 186
336 341
154 218
112 144
470 478
145 192
314 351
23 45
29 250
224 402
70 243
137 272
101 404
90 217
321 476
93 417
149 222
175 331
465 480
172 246
85 184
16 484
66 427
415 461
212 384
156 248
159 408
4 129
185 416
289 335
4 54
162 388
93 438
46 202
187 188
316 347
270 424
244 380
109 262
266 311
216 286
180 410
170 321
365 412
379 407
293 378
112 390
48 474
23 257
202 490
154 281
59 459
232 396
312 460
172 213
353 397
141 390
479 496
368 434
31 268
212 328
51 319
166 288
224 365
16 289
87 153
304 341
239 376
238 348
171 176
26 48
349 408
288 482
256 418
134 454
96 467
58 218
205 371
31 344
14 27
365 432
376 435
66 399
201 291
60 353
61 173
88 149
127 222
60 285
139 288
181 248
69 472
57 211
38 416
499 500
3 90
168 340
4 22
298 302
24 394
101 497
107 200
179 366
126 345
238 487
182 340
107 321
85 325
428 436
24 46
3 277
59 234
331 393
212 221
3 457
333 481
316 468
381 392
448 490
396 464
21 316
223 229
44 395
158 353
88 91
12 334
175 314
26 122
408 418
336 446
59 92
369 462
179 228
50 57
406 498
88 130
282 316
308 483
118 234
94 166
394 482
16 58
30 108
117 318
105 175
65 88
103 498
16 262
128 333
35 95
33 186
60 452
110 189
190 241
228 289
153 158
45 254
298 459
251 356
249 370
253 326
455 486
400 452
17 263
399 450
219 337
88 350
121 446
17 96
43 99
139 416
193 348
270 309
3 244
72 203
140 307
158 373
6 238
162 410
228 294
41 396
122 396
5 6
143 430
21 37
29 322
308 420
163 387
114 308
29 237
271 309
138 353
37 297
48 126
43 240
102 400
3 4
177 354
30 215
81 412
124 168
290 344
89 187
366 432
76 253
221 432
20 361
237 305
37 185
49 342
27 315
319 336
340 365
129 470
159 278
1 245
40 238
199 498
170 412
125 128
118 273
178 338
138 284
234 258
240 370
295 428
106 457
265 486
305 398
377 435
366 442
39 282
206 239
96 432
142 402
302 380
125 495
159 442
128 406
275 420
37 176
210 231
65 431
252 292
181 278
52 224
64 312
193 278
211 342
121 365
339 443
68 148
51 152
215 350
291 440
46 120
204 385
469 487
210 265
43 353
147 266
138 225
4 154
14 272
78 459
117 375
121 153
300 464
195 283
37 490
217 315
140 486
22 55
340 467
119 407
139 357
63 273
44 378
5 229
371 426
132 444
184 216
34 46
153 281
67 181
55 141
178 209
229 358
314 495
176 367
228 295
207 311
35 40
284 293
63 104
277 449
334 483
329 369
401 448
22 487
163 176
152 387
227 377
133 410
11 222
198 220
215 448
292 488
398 495
248 289
31 241
1 60
86 211
285 419
76 214
193 222
225 279
100 425
94 377
47 58
229 458
78 149
347 400
99 433
21 109
175 353
229 279
66 270
355 468
85 204
204 336
152 376
81 215
311 317
106 474
287 427
210 384
243 362
56 156
23 158
103 353
245 318
154 180
227 438
93 298
20 486
70 455
50 353
329 457
329 341
20 60
28 72
225 248
274 340
30 388
161 356
256 346
17 290
261 369
271 305
293 418
360 475
298 385
344 396
336 372
249 455
340 491
19 122
202 260
242 316
50 258
171 500
68 484
195 495
201 427
369 390
117 178
2 229
95 400
357 418
72 499
239 498
291 337
117 170
75 337
364 434
18 44
88 434
221 412
231 258
210 421
190 485
183 293
24 448
141 482
19 169
110 191
309 474
303 330
226 247
184 247
153 260
165 170
278 367
104 344
63 276
12 150
96 169
173 250
27 381
328 456
267 425
82 123
295 322
167 440
26 199
298 379
238 323
214 389
96 282
198 203
70 465
82 152
89 495
424 428
278 438
47 418
283 396
13 136
48 345
105 393
38 304
242 463
110 242
409 492
107 283
28 278
36 83
130 381
154 379
107 145
303 341
166 444
234 236
308 341
36 50
123 242
193 333
53 209
35 213
87 221
71 285
10 258
306 371
118 141
239 265
302 429
197 489
17 420
85 214
161 288
92 397
19 155
262 468
106 470
205 383
194 287
268 374
187 489
29 477
64 294
57 71
95 208
421 446
130 232
18 348
3 151
54 88
16 450
72 89
112 251
42 147
167 415
175 342
264 367
435 489
142 486
346 348
134 289
142 187
72 202
9 361
472 480
212 269
84 157
150 181
127 432
29 495
270 496
95 129
5 207
216 334
59 97
205 443
208 301
52 107
226 386
162 270
267 331
80 372
74 309
137 266
254 313
39 52
259 314
26 490
40 76
16 194
112 359
315 317
4 160
110 469
261 307
40 180
350 464
355 459
260 280
425 452
105 450
173 472
76 395
221 474
335 431
284 288
214 266
207 322
8 186
5 334
15 251
125 182
276 393
30 125
414 492
320 363
79 417
221 292
59 499
98 337
274 345
143 345
166 468
132 241
88 372
57 341
18 422
57 339
47 175
37 196
49 295
252 473
265 425
68 190
215 356
13 166
22 81
169 454
138 348
319 499
164 223
25 261
358 500
117 232
36 303
9 206
12 175
334 437
124 138
255 448
91 117
120 476
337 342
29 275
98 340
253 471
6 393
405 432
60 274
265 361
46 58
75 296
32 499
153 325
12 152
19 218
236 447
103 398
187 331
83 254
94 368
343 396
285 327
345 373
202 471
77 116
425 439
134 200
100 197
296 398
156 256
77 150
46 110
170 229
10 233
303 439
205 305
99 289
106 313
240 341
59 213
100 374
387 485
93 300
91 211
44 141
176 202
45 217
219 442
259 367
354 434
269 307
73 178
138 140
180 315
219 450
25 483
243 466
55 87
346 421
93 361
465 489
78 351
62 109
201 459
54 428
129 417
274 473
9 233
68 354
289 456
52 265
341 461
217 288
385 491
332 433
76 323
156 191
24 440
139 396
303 311
364 392
7 43
368 495
307 395
215 306
53 171
188 208
204 382
73 334
216 451
42 209
159 294
65 114
44 153
274 424
201 482
82 162
13 117
293 381
268 464
226 331
133 297
42 466
29 247
103 336
398 399
68 159
196 394
153 297
226 494
224 251
192 500
297 492
269 449
70 420
165 446
20 371
375 402
258 489
102 182
200 431
288 332
423 429
174 357
199 319
89 333
192 354
96 287
37 108
207 315
82 491
186 367
133 458
127 191
280 335
299 337
140 355
240 331
363 430
353 375
81 194
349 476
36 450
315 428
95 420
421 436
31 285
144 462
291 471
293 400
257 310
92 484
472 500
206 391
121 290
4 481
106 260
302 359
54 281
210 430
93 127
151 454
74 330
86 186
329 352
131 132
301 444
102 296
375 400
1 234
252 354
4 190
302 480
176 425
242 265
201 367
280 444
113 158
7 385
166 393
255 394
272 340
40 429
129 196
304 488
52 377
190 415
156 292
393 395
217 480
40 170
80 403
27 296
42 420
123 449
171 400
292 482
71 346
25 462
210 285
14 32
46 468
139 362
252 474
122 403
88 406
227 319
37 428
68 449
1 370
378 420
213 287
152 273
148 493
113 351
213 482
135 449
121 160
249 450
281 332
171 172
205 353
196 272
246 327
9 108
472 493
321 392
52 75
214 280
84 285
68 286
200 242
126 351
387 394
210 463
130 226
198 408
294 321
155 187
49 184
93 360
71 400
263 397
45 61
6 321
120 427
303 350
181 241
78 187
349 460
118 396
269 279
67 244
153 284
425 481
68 249
229 393
80 455
226 280
425 427
84 490
228 497
174 407
18 42
224 420
212 412
22 419
423 444
193 464
191 462
140 191
272 321
33 75
50 95
346 467
278 484
183 469
216 250
183 294
471 472
24 157
64 75
108 480
253 285
325 329
184 304
51 118
43 414
193 321
166 390
138 182
216 300
77 237
90 281
485 496
143 332
145 319
35 110
169 470
121 473
146 171
58 141
158 365
104 429
277 305
206 271
118 319
148 411
381 435
288 316
43 221
42 251
91 228
234 293
83 248
148 355
58 180
89 274
326 377
159 441
3 362
231 352
66 80
105 258
453 493
49 67
117 268
83 410
12 174
279 402
89 414
390 402
395 402
67 453
177 423
292 436
43 290
1 157
238 265
473 486
397 458
458 493
305 339
298 461
208 375
280 429
96 390
423 467
44 103
138 489
360 382
188 429
49 165
134 170
51 357
381 484
180 368
153 226
7 368
93 101
234 396
56 363
239 450
88 368
387 497
226 463
397 481
257 340
94 227
149 487
119 403
42 213
134 234
129 327
245 265
95 253
131 252
114 228
57 127
2 275
241 285
328 481
246 286
79 429
258 350
9 124
272 380
345 447
19 229
82 473
389 451
198 427
95 215
208 290
358 372
82 215
76 136
166 375
174 235
48 391
191 263
37 485
242 400
172 203
28 464
388 408
324 477
183 409
69 321
206 236
18 260
256 356
413 452
246 385
267 407
107 266
170 230
111 206
55 180
219 425
369 410
102 424
35 429
92 226
38 50
266 396
84 398
165 195
287 500
42 115
259 490
425 477
11 119
149 210
95 449
433 492
7 44
57 279
135 432
122 175
28 450
120 478
4 121
345 424
23 46
361 498
15 37
202 275
13 123
298 440
181 281
35 93
148 374
9 219
222 286
365 447
280 352
47 382
9 443
74 269
58 104
146 364
163 459
307 335
210 397
173 229
188 469
170 348
245 437
309 480
389 432
239 417
64 352
158 269
393 454
60 263
72 395
358 411
52 325
184 468
84 306
255 306
299 479
51 370
182 310
249 368
239 392
192 399
26 133
311 475
36 437
73 340
178 433
41 450
6 256
81 458
481 488
97 144
6 386
104 351
115 289
112 446
90 295
57 415
205 274
23 161
74 203
15 312
297 391
55 243
460 472
244 424
244 393
134 238
253 292
121 433
228 296
374 418
74 284
159 426
182 462
5 445
25 256
129 252
64 264
200 402
168 233
210 445
121 304
486 489
56 85
420 438
292 348
396 474
138 249
316 394
34 35
98 197
178 417
51 299
132 226
297 474
164 193
244 416
27 262
290 316
170 443
173 451
45 81
48 339
116 251
124 490
151 377
160 166
303 430
102 264
277 500
383 488
196 421
29 409
101 473
81 484
74 431
222 343
103 330
95 459
161 412
154 483
408 496
216 446
64 452
89 362
268 471
101 126
42 137
81 368
99 328
274 299
25 344
336 474
61 241
177 330
117 374
409 410
4 182
64 490
143 168
110 151
84 303
19 385
393 415
71 376
133 393
64 274
47 115
6 301
194 410
105 433
140 318
96 259
141 164
226 476
8 366
102 192
220 226
74 391
14 361
82 396
82 353
130 269
104 428
137 251
36 399
273 316
371 475
77 346
226 362
3 55
166 286
29 332
16 41
256 373
17 114
51 305
84 165
171 420
235 345
223 375
277 442
460 494
251 492
105 373
50 408
144 467
376 387
179 436
414 453
242 453
70 415
118 186
23 78
6 251
9 379
179 344
6 230
135 447
28 164
2 113
107 315
71 253
273 499
360 456
105 226
284 445
326 350
244 447
57 230
154 492
495 500
310 424
279 291
71 390
251 281
209 418
91 438
276 404
240 486
381 455
126 210
165 361
189 420
154 468
234 260
154 334
445 478
17 457
22 421
344 463
41 402
327 388
9 314
219 457
363 422
213 338
141 277
89 143
173 189
24 408
89 311
424 470
106 361
341 408
32 225
297 456
38 359
69 110
60 295
120 403
289 405
317 411
138 142
101 275
97 224
13 393
184 200
7 265
148 349
360 433
37 474
38 111
82 477
292 423
79 81
66 93
129 215
200 472
75 172
257 409
113 195
119 323
80 459
330 414
165 278
99 142
269 281
373 394
130 280
93 359
142 390
269 479
267 409
220 320
145 385
50 366
410 467
60 481
363 465
246 481
251 393
264 302
313 340
233 333
156 313
446 493
302 495
163 351
48 231
261 266
27 103
3 455
60 277
132 209
180 489
41 387
51 407
99 345
54 230
2 187
75 187
314 407
123 415
422 445
194 314
191 295
213 230
7 294
186 377
188 461
47 49
239 294
132 485
356 422
343 354
189 251
318 393
32 216
288 389
47 252
359 368
80 158
252 416
73 313
165 260
22 212
178 378
94 320
388 469
122 208
180 338
14 385
27 184
171 282
365 462
10 82
154 369
466 500
1 130
119 431
221 296
90 91
445 473
70 314
133 467
133 406
64 209
123 329
87 317
200 445
75 404
17 347
307 374
69 478
126 489
208 272
130 434
264 491
254 349
333 343
247 343
41 468
226 442
5 281
19 348
322 343
258 409
350 420
124 262
158 229
2 9
236 425
125 475
132 228
206 399
74 397
172 323
12 66
69 183
184 464
200 373
30 383
51 442
7 253
11 457
380 452
172 468
42 112
264 303
187 296
282 381
10 173
177 397
14 217
72 223
99 367
27 360
89 273
120 317
73 160
128 159
368 467
119 295
62 480
151 316
106 441
311 325
90 422
106 409
227 297
2 460
110 209
274 324
43 174
45 201
37 306
89 206
129 279
204 444
21 345
26 106
264 439
125 465
21 86
140 374
313 419
292 426
264 496
184 432
135 483
86 283
221 324
224 339
223 446
15 455
56 291
131 212
82 125
9 91
236 383
281 442
208 440
18 371
316 462
170 489
83 310
120 367
366 434
335 498
197 493
169 446
112 147
379 487
199 289
282 401
125 255
51 187
54 268
125 191
235 346
311 418
152 400
45 92
30 87
47 358
142 290
78 344
1 218
13 375
207 420
17 394
236 268
290 448
104 480
73 404
318 435
444 490
55 285
162 183
134 194
45 54
315 478
116 143
378 491
127 440
237 277
411 483
54 202
46 182
224 452
2 388
7 474
133 371
56 128
75 370
90 306
90 221
110 158
191 265
80 90
202 420
131 140
4 67
159 458
25 239
115 290
23 210
238 457
18 249
144 451
132 454
7 134
91 493
53 490
227 281
32 399
206 333
51 244
303 436
294 487
270 305
332 446
314 480
11 137
319 439
58 434
145 378
31 222
320 365
206 221
29 54
64 465
23 147
230 483
196 200
171 496
28 424
357 475
209 259
113 160
259 471
279 447
300 322
11 242
384 460
111 296
320 465
66 360
183 472
35 255
32 345
221 323
328 362
106 154
251 288
33 209
158 252
301 440
18 423
46 226
33 446
487 492
155 213
19 251
202 396
23 149
241 269
103 340
59 253
72 449
9 486
24 176
207 371
201 373
346 435
21 114
64 104
345 485
262 438
52 275
27 216
94 178
140 271
8 150
369 435
339 488
144 411
197 262
184 258
302 311
185 246
49 185
285 490
148 193
123 471
24 241
250 497
78 364
53 259
56 472
20 205
132 240
95 429
344 363
435 471
167 323
262 434
416 453
288 348
47 340
45 56
95 358
35 443
11 37
49 386
95 312
78 486
403 464
108 149
312 425
285 302
14 141
411 476
13 405
108 377
103 177
248 458
279 465
259 286
22 490
157 369
70 249
89 210
108 332
73 149
115 175
236 279
93 237
27 475
350 421
141 312
167 383
175 352
45 159
378 444
169 401
275 432
146 470
42 139
222 276
198 369
172 200
122 227
87 104
149 164
316 378
44 134
347 419
54 334
39 480
210 418
67 375
296 316
19 346
129 248
408 467
176 489
366 386
124 481
222 399
323 365
326 452
177 241
250 456
8 393
279 281
146 246
77 290
436 485
330 449
133 484
357 373
85 294
272 492
187 445
43 65
307 325
112 373
44 322
121 297
43 50
96 201
333 370
167 466
33 428
124 125
95 461
183 383
291 423
97 139
25 110
190 336
180 304
64 313
273 346
232 486
40 139
452 471
372 415
112 219
48 335
238 425
299 489
362 417
346 386
141 193
111 328
338 434
28 414
333 388
28 115
405 497
206 228
10 245
181 233
106 146
63 262
222 394
153 383
16 150
213 440
302 313
203 340
204 477
196 325
216 260
294 424
49 115
98 305
10 239
106 487
108 476
110 390
25 98
39 102
401 476
363 378
346 480
165 455
307 383
254 280
44 474
70 412
32 115
373 399
76 357
329 342
70 495
123 222
93 163
272 277
2 69
282 295
136 245
389 447
12 374
23 268
295 432
95 421
139 406
40 191
106 323
196 269
63 297
99 195
43 286
38 122
263 430
261 359
53 226
300 386
136 338
146 422
247 473
275 301
186 282
387 391
117 490
68 192
170 292
84 185
257 356
201 368
108 438
62 399
438 449
103 371
149 204
220 466
55 74
269 368
7 319
85 296
172 486
369 405
144 267
225 356
138 354
191 381
149 269
224 331
25 277
132 256
245 367
425 463
69 323
359 494
38 447
8 466
228 268
357 390
442 483
137 265
42 341
82 452
238 490
43 359
256 360
71 97
121 279
11 294
96 453
110 204
163 448
310 376
157 413
59 115
112 253
292 440
112 434
253 489
343 476
4 202
220 342
216 418
268 307
127 332
70 289
32 240
178 263
77 306
280 485
81 381
303 462
99 241
92 102
108 146
413 487
409 446
148 151
77 432
30 187
161 303
290 465
20 384
228 348
420 422
16 458
149 343
197 215
13 254
32 59
65 186
38 211
134 248
339 395
314 485
8 17
108 132
85 177
44 279
398 416
170 380
307 348
299 397
140 396
372 428
24 211
83 466
79 195
247 476
136 282
63 370
160 444
222 438
297 350
128 434
305 383
59 139
283 364
43 405
146 255
353 431
128 131
114 115
176 440
25 291
107 222
76 259
473 496
143 408
185 260
222 268
193 485
118 444
80 186
107 289
74 210
66 91
141 154
133 347
73 146
375 487
60 249
447 449
409 418
74 122
42 228
162 306
124 397
414 447
433 474
360 419
114 268
167 387
334 394
150 421
223 449
7 17
377 467
87 347
311 362
260 286
191 213
246 344
278 417
85 395
96 320
236 480
95 355
25 169
255 425
89 456
79 216
63 68
81 373
22 205
120 337
71 482
107 466
75 237
122 480
22 74
10 424
86 296
289 357
24 179
242 271
197 498
300 467
5 319
63 288
51 367
280 304
69 262
310 396
255 465
200 212
330 354
25 257
5 402
152 401
116 424
19 115
10 100
331 353
36 151
24 47
44 470
153 479
31 303
59 298
337 453
160 185
112 276
356 411
102 295
370 427
46 113
215 276
212 477
134 400
385 468
81 270
17 119
34 357
192 342
194 423
108 417
167 353
24 243
293 333
41 177
83 439
367 472
215 381
35 68
3 27
113 354
324 399
247 471
194 384
84 309
137 160
268 314
66 99
129 488
193 363
90 495
404 459
139 472
223 433
328 449
20 323
28 433
132 500
315 416
32 467
317 460
76 224
330 412
116 379
51 492
130 252
34 321
319 410
96 225
136 233
22 336
127 239
472 487
121 498
86 158
231 272
341 466
342 423
47 143
56 488
14 486
326 353
128 322
270 337
166 229
321 427
230 265
264 478
173 176
352 399
59 175
202 404
200 248
256 278
414 457
178 471
96 440
122 367
121 486
328 417
45 284
79 220
255 366
154 456
138 446
79 438
289 492
13 177
203 249
31 254
301 470
32 341
187 355
185 274
216 350
12 441
194 441
179 227
307 475
150 395
166 244
131 377
123 267
79 238
155 156
249 269
46 194
218 435
276 323
255 439
6 337
14 78
163 320
133 192
20 93
295 328
206 404
22 444
50 81
42 362
391 426
2 118
82 454
166 302
213 376
273 424
385 416
168 190
390 391
427 437
25 403
140 154
450 480
115 361
57 333
161 193
279 432
314 363
155 176
348 416
126 418
166 212
197 377
166 219
91 150
99 155
70 324
109 165
306 368
208 476
192 245
31 315
314 451
138 413
160 345
214 316
105 289
357 378
70 74
25 487
26 370
171 229
316 407
132 304
328 348
116 260
104 285
162 404
98 500
177 285
16 218
94 237
205 239
83 169
140 265
260 310
163 484
244 472
51 330
62 158
46 488
131 335
33 164
238 483
99 191
2 370
24 250
239 391
22 237
289 430
148 324
409 424
125 385
96 260
90 387
137 225
29 199
142 372
249 321
240 379
43 64
70 425
173 227
300 337
277 334
56 178
9 401
385 440
28 274
285 297
109 129
196 442
46 227
152 497
153 485
91 495
8 473
261 409
8 239
42 180
16 293
233 459
119 352
256 423
282 433
140 482
22 172
37 130
1 22
223 290
200 488
125 497
313 399
367 460
148 176
181 429
135 201
316 405
47 205
111 424
295 330
221 266
94 468
107 125
165 467
373 457
31 257
322 324
40 174
21 206
140 454
152 296
109 460
132 348
3 434
109 389
44 115
105 325
236 298
167 482
75 387
311 432
41 191
48 116
442 487
33 39
89 181
118 136
94 454
281 402
338 477
439 500
143 479
109 458
35 116
175 257
152 489
356 420
388 494
125 433
40 277
66 109
36 47
299 472
463 481
157 266
100 139
456 465
114 189
144 272
96 301
152 435
221 253
113 226
346 426
12 361
44 126
123 382
425 470
98 365
460 489
90 347
22 239
19 282
29 362
476 485
70 242
292 392
131 333
379 442
18 198
392 425
322 446
190 451
262 412
188 221
271 286
368 391
157 442
140 274
205 360
277 278
90 157
326 348
14 124
34 197
291 478
84 308
229 387
183 431
181 276
103 474
352 364
17 231
57 62
215 218
79 317
248 358
53 268
83 500
28 474
288 443
8 269
119 270
89 451
219 380
260 291
49 148
184 288
72 339
190 249
93 446
164 320
101 168
73 141
216 487
342 461
292 465
305 473
280 481
22 246
107 345
262 333
92 475
8 297
265 342
172 324
70 112
169 300
258 299
280 295
446 449
210 325
20 290
2 307
188 488
320 374
89 472
84 98
153 154
42 45
159 241
238 326
266 441
9 236
211 241
195 196
99 257
6 353
62 133
84 440
258 271
187 190
476 480
180 447
233 441
248 398
155 485
355 365
298 380
37 408
261 344
119 430
84 132
163 309
190 323
284 361
307 459
208 288
114 253
181 383
31 458
110 122
261 465
187 479
18 109
135 211
49 482
52 450
132 290
264 271
358 488
316 426
187 197
209 439
331 412
111 294
440 466
21 68
257 300
267 429
260 370
443 447
82 197
434 444
171 398
12 354
312 343
140 175
222 448
18 178
88 397
98 172
172 296
193 387
37 102
236 237
105 186
222 248
216 355
135 452
367 410
418 482
147 178
418 433
396 397
234 406
224 383
138 213
15 441
283 494
189 281
185 412
129 301
135 385
63 466
145 228
80 451
128 154
224 392
175 260
134 493
72 195
244 460
33 122
163 246
91 388
313 374
333 364
194 236
80 358
107 260
82 293
163 325
261 414
364 483
73 438
77 337
217 311
175 447
461 480
432 473
239 470
350 478
175 322
343 373
163 438
47 224
258 320
72 299
416 438
411 438
240 340
94 185
53 353
18 289
138 246
251 391
54 283
15 436
7 188
49 421
269 363
249 426
295 475
23 205
477 500
90 486
170 174
27 379
170 336
280 336
76 475
212 485
327 410
92 500
148 481
243 371
355 439
373 462
2 400
25 253
43 379
273 463
70 396
216 236
70 278
181 279
201 429
373 491
75 167
124 306
98 293
23 380
297 449
389 488
13 322
101 187
87 407
327 435
184 236
53 223
257 461
259 366
372 498
170 311
37 284
154 388
84 455
192 273
1 315
23 249
76 379
19 190
256 382
3 482
178 312
26 267
45 103
10 213
217 309
305 364
57 210
244 422
159 214
124 455
102 392
26 452
160 379
360 432
156 178
193 218
351 375
76 442
101 235
77 277
309 346
361 488
412 461
289 446
307 498
71 83
11 462
10 246
89 111
66 149
225 419
197 288
371 387
15 434
91 252
179 324
308 467
319 395
80 261
155 455
274 484
142 177
260 339
260 431
470 479
303 484
38 467
217 430
100 267
81 464
201 252
108 451
251 297
224 282
259 262
81 424
212 336
114 498
327 375
79 382
154 233
270 295
130 400
32 269
402 432
143 319
3 223
20 378
105 499
182 426
333 362
183 428
73 359
6 201
45 355
24 144
163 201
7 180
51 314
438 485
350 430
193 389
81 91
368 450
97 418
377 499
271 496
255 419
213 387
404 430
186 495
260 316
320 358
56 268
112 158
49 87
45 399
27 117
22 75
272 372
125 447
237 402
371 490
93 118
7 247
106 221
274 284
404 453
149 380
105 301
326 433
302 496
194 488
176 313
75 332
20 247
38 293
333 384
108 487
184 203
288 289
100 498
123 255
29 44
200 475
1 159
15 472
211 275
312 372
427 478
309 325
70 364
173 463
354 386
11 414
90 206
474 498
54 413
290 331
155 232
281 445
427 434
17 74
166 208
94 208
48 349
252 258
154 401
143 416
327 380
45 396
321 461
264 466
68 270
176 309
75 82
19 228
42 107
42 81
131 204
52 352
14 251
33 273
6 489
35 360
16 398
95 405
200 307
172 185
57 91
202 223
176 308
277 492
196 425
363 406
66 205
69 314
192 358
85 322
210 487
189 394
273 394
92 104
43 45
235 298
315 411
34 306
125 478
407 484
26 38
65 287
52 208
17 388
110 255
248 487
125 233
185 394
4 429
227 246
151 418
269 308
95 151
81 279
449 461
47 288
28 216
298 423
152 266
233 335
358 369
93 336
339 473
76 101
122 483
103 144
147 218
214 354
50 268
253 380
2 299
291 390
258 443
407 440
32 427
89 101
350 426
124 276
232 410
216 238
304 422
45 119
1 179
21 344
287 353
93 181
100 414
173 280
54 74
327 404
303 495
150 275
92 436
63 129
246 367
422 436
292 340
38 241
98 268
200 226
114 434
18 461
111 457
32 357
19 425
102 230
302 436
164 244
128 191
235 288
235 415
165 327
44 306
186 482
240 283
357 471
374 434
245 467
382 448
48 233
54 180
428 500
85 412
314 446
306 486
124 181
147 483
91 169
67 109
71 289
93 410
231 474
12 428
112 429
92 277
21 440
447 496
103 335
394 424
179 430
184 414
153 256
3 80
255 477
187 278
67 304
189 318
133 493
61 434
14 165
147 267
165 407
288 455
272 463
27 205
17 72
6 418
81 122
229 251
256 485
244 431
138 317
221 388
23 405
472 489
260 335
252 393
21 140
44 195
86 246
64 455
125 227
114 430
109 411
33 124
71 307
395 480
132 252
165 365
1 341
1 167
10 223
258 374
272 306
246 306
179 262
178 406
68 291
40 172
8 270
121 379
43 382
165 210
349 419
75 488
33 370
232 460
83 341
36 200
274 282
135 224
124 199
285 427
310 410
434 486
307 412
53 240
56 151
14 255
62 461
65 486
34 145
23 354
141 368
50 261
67 314
14 185
128 489
47 336
13 121
224 350
94 439
64 157
253 388
114 312
428 430
364 370
335 469
139 303
58 233
229 452
209 475
124 353
54 119
152 214
252 320
75 401
133 409
85 389
30 115
30 446
140 357
192 400
92 318
26 432
55 467
258 339
171 351
46 201
256 458
13 252
108 453
221 251
208 434
253 376
217 314
150 261
53 250
132 401
94 366
19 436
256 316
93 132
86 458
109 164
239 437
319 407
268 457
67 138
123 290
181 457
37 323
322 468
92 341
205 440
73 426
47 410
96 468
28 139
64 148
74 116
256 368
92 406
29 317
311 351
147 369
99 332
163 429
109 277
80 94
314 356
133 308
237 426
177 243
16 482
50 62
289 476
207 338
284 402
321 343
32 197
198 454
140 199
3 42
57 293
241 352
327 356
163 461
106 208
195 442
359 411
82 235
43 209
278 378
221 319
100 309
379 479
112 154
145 483
137 184
92 222
156 278
254 405
245 380
77 89
165 239
30 416
172 366
476 489
408 491
281 366
155 307
190 290
343 411
369 443
165 314
340 411
187 437
330 460
13 144
189 278
43 406
149 420
29 203
304 317
54 386
89 450
281 345
131 465
277 393
132 215
19 104
210 461
86 361
77 388
233 407
2 308
56 197
355 422
42 168
270 321
151 196
134 241
141 477
172 388
294 332
216 443
168 227
299 320
91 268
43 400
444 487
112 299
70 416
203 454
56 213
