150 1110
30 143
89 97
49 89
5 126
3 106
6 19
48 145
52 145
33 37
44 79
80 111
108 110
54 137
23 116
81 87
66 82
77 127
117 137
4 119
36 140
65 88
20 58
1 14
67 68
104 133
3 93
91 129
4 141
16 55
7 60
5 21
16 73
92 104
103 138
29 63
63 131
67 127
91 139
52 57
46 75
53 61
26 32
2 143
99 147
31 128
71 143
22 106
80 118
75 99
50 130
79 83
117 147
31 80
3 144
52 146
5 36
44 118
46 60
78 124
29 148
108 123
56 106
16 130
54 144
26 74
42 112
27 58
31 52
32 44
51 92
41 64
22 64
81 118
54 112
22 66
96 132
7 78
76 96
33 45
107 143
57 121
21 90
20 27
110 129
29 85
74 103
47 71
4 100
66 102
14 30
23 102
57 60
82 136
39 56
84 91
6 67
13 136
89 111
14 37
4 88
4 32
32 97
49 140
101 131
110 116
22 53
10 73
40 120
35 47
19 88
14 134
71 125
6 53
8 50
17 113
27 121
61 121
28 101
45 144
10 88
36 86
8 117
70 88
121 137
3 66
142 150
14 143
53 111
72 90
29 70
1 99
55 126
4 13
78 113
45 79
35 125
44 58
125 142
27 85
17 142
85 100
10 53
95 98
39 69
138 140
4 68
9 134
76 90
13 111
7 10
61 129
17 23
63 81
47 62
74 139
8 58
102 146
56 107
73 148
37 115
4 106
41 103
99 128
47 126
35 141
53 136
15 30
110 111
43 107
43 54
3 129
92 98
56 145
10 31
28 60
32 37
68 125
13 143
45 135
59 148
1 125
29 118
123 131
62 106
78 118
12 13
26 117
77 137
19 55
53 55
33 87
14 96
43 67
85 144
42 74
1 21
41 123
12 26
73 90
84 86
57 147
67 139
63 87
36 90
108 149
83 147
2 6
6 117
65 66
17 124
89 142
48 129
32 128
2 34
55 66
134 135
6 106
2 13
111 140
96 150
25 126
19 95
25 26
72 95
68 119
4 54
34 43
60 138
66 117
64 116
56 111
9 118
55 97
47 124
107 115
100 131
7 150
47 54
7 124
49 113
39 128
66 81
4 114
34 38
18 44
78 96
65 115
8 54
107 117
64 66
1 7
92 118
60 91
18 145
64 102
87 147
16 59
52 109
26 44
42 94
144 145
66 113
6 45
36 136
23 68
20 43
120 129
2 101
9 144
140 149
31 61
36 77
39 102
49 115
6 134
1 127
47 115
30 136
87 111
91 121
3 114
54 128
130 146
21 57
91 114
15 137
17 134
127 141
53 59
53 118
15 46
6 24
19 53
9 77
39 48
23 26
9 111
44 50
25 150
5 56
10 49
57 99
46 93
31 115
31 145
27 113
55 85
47 143
50 110
11 112
109 140
58 129
81 150
44 60
72 75
11 48
54 80
55 136
77 118
58 94
77 78
9 81
5 121
91 101
59 121
73 114
110 112
98 100
40 76
24 130
33 54
67 120
128 130
35 122
98 108
70 76
43 68
19 138
82 147
18 51
61 93
11 98
39 105
34 37
51 130
76 77
28 30
25 41
104 145
26 66
82 107
118 143
37 108
127 143
19 85
11 52
7 48
22 134
43 92
47 98
27 95
10 59
97 117
45 89
12 76
49 60
145 148
41 74
27 75
10 67
62 100
94 109
39 107
70 117
47 123
67 99
19 123
17 108
66 137
3 136
37 124
16 40
24 125
73 122
2 85
9 96
53 76
66 75
46 127
48 111
85 96
12 24
9 75
68 143
8 134
40 90
12 79
127 133
60 147
21 60
133 150
75 112
86 141
18 95
104 132
107 125
33 112
32 75
5 62
30 31
42 147
85 92
39 87
10 127
144 147
82 96
12 46
25 44
28 126
4 14
3 110
27 69
90 105
92 142
30 131
80 133
40 85
12 116
52 116
19 104
90 117
89 100
17 116
9 32
23 29
37 122
13 65
34 77
128 134
8 121
26 85
10 69
14 116
77 113
48 134
10 119
23 113
3 27
105 109
91 106
54 113
27 90
94 119
41 134
47 122
106 128
50 52
70 74
60 101
1 29
66 131
74 87
21 143
94 95
54 78
12 129
34 48
64 134
29 99
17 92
112 132
54 110
31 135
75 80
26 82
21 87
15 51
56 69
3 68
9 136
16 28
102 108
50 54
9 78
26 31
31 40
36 61
19 144
32 111
20 119
2 16
74 97
17 125
63 117
44 129
17 70
129 141
82 104
76 127
41 44
45 114
22 136
38 74
53 68
5 148
30 132
83 135
46 147
10 120
18 122
109 114
32 100
112 125
52 66
139 142
33 130
5 99
18 89
140 145
80 128
10 50
15 50
24 111
110 137
86 134
19 96
35 36
67 150
114 117
81 146
27 124
108 119
35 80
2 37
59 97
126 148
70 105
31 140
42 64
62 133
24 75
115 141
96 107
2 60
35 123
16 39
28 72
8 124
18 42
26 81
6 105
24 69
27 115
15 126
50 123
61 141
11 94
30 82
31 120
23 84
7 11
3 113
13 125
73 143
81 133
70 150
15 72
83 138
54 104
6 127
88 107
63 132
69 134
38 103
33 133
35 137
50 127
36 41
18 55
17 83
18 104
41 50
3 109
12 82
8 78
81 97
27 149
39 113
5 66
35 119
26 47
25 82
60 114
58 68
32 140
51 116
73 98
43 52
81 102
70 137
40 138
103 106
106 113
22 28
67 124
25 98
37 140
109 133
63 113
20 131
61 114
8 73
31 78
36 145
82 125
7 131
50 96
58 99
105 121
30 91
12 86
77 117
42 132
96 149
34 54
60 115
34 73
113 147
100 112
82 99
1 116
40 150
54 100
40 71
73 128
9 57
56 115
16 110
24 40
67 148
24 62
4 149
32 79
51 136
15 35
101 126
64 104
27 145
6 147
102 126
110 150
24 92
96 121
120 136
47 67
61 83
12 37
1 112
45 57
13 39
29 95
15 22
77 126
59 110
17 107
4 85
61 110
35 60
48 92
4 23
31 130
39 91
96 116
117 132
61 138
49 114
64 114
86 117
52 132
8 142
38 76
19 31
88 92
121 124
39 76
99 141
95 142
140 142
28 61
86 111
29 57
51 54
44 148
50 84
33 56
9 86
52 129
38 47
57 82
62 131
50 91
87 131
18 108
21 25
84 127
105 120
78 141
25 50
74 129
1 59
43 71
86 146
128 150
45 128
69 143
64 67
80 108
106 134
40 142
69 92
34 40
55 133
29 135
1 27
1 94
45 107
15 140
18 19
6 8
53 66
16 68
90 130
59 143
22 68
32 63
44 52
3 61
4 12
14 132
34 85
2 150
22 112
2 136
20 138
36 76
59 93
99 122
72 130
76 135
75 149
3 92
75 132
86 143
6 109
99 118
34 76
16 98
117 124
24 114
88 101
73 110
35 43
76 88
58 137
16 127
10 90
64 131
34 87
21 149
13 107
51 80
55 107
14 77
44 112
15 102
29 140
86 130
31 146
124 137
7 112
31 87
33 104
38 135
22 54
32 95
55 143
10 131
8 138
105 119
101 141
94 143
134 138
82 89
108 130
110 133
60 122
51 113
127 142
83 139
5 143
20 122
110 125
9 128
25 54
43 149
6 100
14 26
47 77
56 60
32 149
48 49
112 137
50 95
69 94
57 139
113 143
101 138
23 54
11 97
22 56
6 135
27 130
57 128
28 108
55 96
54 74
128 149
25 133
117 139
58 64
12 19
65 96
1 63
75 111
14 73
98 134
29 117
123 139
84 96
29 128
70 132
24 60
20 50
76 142
34 68
92 101
60 149
52 85
90 97
36 82
5 24
58 75
54 57
23 146
30 112
11 39
82 112
85 106
7 33
52 141
7 95
43 121
12 102
8 49
126 142
25 45
18 50
40 55
82 146
61 104
70 106
112 113
31 118
24 106
80 106
19 130
21 101
69 89
56 99
14 43
17 119
1 47
18 107
6 42
54 69
16 112
54 94
23 57
127 134
37 60
70 109
11 129
33 42
51 99
18 48
37 103
43 75
133 143
10 141
79 81
139 145
93 101
114 137
36 79
44 137
106 140
90 146
7 80
6 139
117 144
50 117
59 108
7 100
75 109
27 138
44 131
41 56
20 97
93 103
121 135
13 144
22 124
27 72
46 72
93 129
4 42
72 88
6 25
5 101
114 147
14 98
14 91
37 133
44 75
10 107
9 120
22 33
28 138
3 104
47 79
75 95
31 104
61 69
121 147
27 83
33 58
3 33
88 129
104 118
18 137
49 116
19 78
98 117
2 63
46 67
17 91
42 135
89 138
53 130
11 24
20 129
19 127
24 29
3 82
39 149
30 122
53 74
76 107
106 143
34 67
38 105
99 114
63 138
92 113
7 98
78 87
113 148
18 57
115 117
30 149
64 113
79 147
71 109
20 67
62 93
17 101
92 115
97 135
73 103
49 73
39 109
72 120
45 150
41 147
84 87
127 150
34 115
23 86
115 124
110 113
35 111
31 127
15 37
137 138
76 105
11 30
31 32
43 87
129 145
61 130
81 111
23 109
45 95
20 106
24 47
131 132
125 141
54 135
45 70
63 147
51 117
53 60
52 102
10 92
32 90
56 66
48 123
65 139
100 136
35 101
7 41
69 91
25 99
1 84
57 77
63 73
94 107
19 114
10 37
22 133
113 114
48 142
85 88
92 107
54 143
22 40
92 136
36 67
63 94
94 126
40 105
57 106
49 98
24 145
25 47
46 128
10 137
25 149
87 141
4 15
24 123
61 101
57 76
40 109
52 87
15 21
88 100
70 135
114 126
76 140
51 62
28 42
57 96
19 35
85 127
34 118
16 72
58 102
107 139
71 84
20 42
6 104
10 75
15 127
84 99
51 149
46 106
22 120
8 97
26 27
47 56
38 145
109 128
1 129
19 91
99 119
5 38
87 128
8 61
61 105
24 76
23 42
37 79
40 66
9 11
44 146
87 120
29 147
107 136
43 59
