500 12450
67 87
33 150
88 362
329 362
335 493
218 396
28 421
13 236
70 419
36 70
51 357
146 289
125 346
38 48
49 275
142 273
269 481
269 487
465 490
82 207
126 341
185 341
133 339
264 441
21 214
57 69
173 455
109 348
29 272
315 462
237 401
103 161
25 357
37 435
145 443
42 500
86 461
290 384
426 436
41 96
444 462
194 243
206 439
81 469
104 280
383 496
41 130
11 481
105 395
176 396
222 459
162 399
117 381
182 479
90 228
369 423
222 246
57 71
154 327
255 365
88 181
252 273
360 430
183 388
302 359
12 282
111 368
252 401
45 416
69 70
181 336
217 415
84 355
367 408
184 292
168 249
182 351
173 265
76 293
322 417
28 301
4 470
73 204
184 241
367 422
323 446
376 460
187 397
337 414
39 463
119 407
7 303
77 419
295 297
39 283
394 424
219 497
109 392
447 493
329 447
214 491
163 322
262 458
279 319
111 420
195 411
73 221
225 402
116 138
92 223
207 475
326 455
53 353
228 379
113 409
305 487
322 345
1 256
335 356
356 370
108 285
191 195
148 350
300 366
304 392
237 448
236 420
68 175
378 409
176 237
439 483
24 231
155 470
286 311
76 197
170 257
50 169
308 317
210 344
76 446
123 128
44 435
176 244
60 289
371 446
55 398
26 491
177 294
149 340
138 385
331 368
315 339
170 429
244 268
114 216
135 350
244 312
96 209
309 359
129 181
232 276
232 398
177 249
259 492
122 463
57 70
195 460
87 484
456 484
135 395
158 290
21 128
161 238
170 276
100 363
136 139
222 365
291 319
145 473
101 213
103 399
404 460
301 448
137 395
85 341
132 192
203 332
146 444
77 417
297 444
47 314
196 458
2 18
254 318
133 432
203 416
17 350
142 272
13 372
192 194
61 275
145 481
358 492
204 222
327 485
322 494
200 456
125 444
169 274
333 374
51 68
469 479
90 190
96 371
91 444
112 186
154 217
58 398
133 386
79 472
222 427
373 401
201 211
343 377
44 156
396 436
156 258
1 195
78 155
376 383
19 308
25 430
266 323
121 150
281 372
136 208
92 237
476 485
108 175
247 399
12 45
354 437
84 183
24 218
194 313
24 363
261 295
432 469
370 476
334 375
319 414
173 345
16 162
229 341
238 409
105 398
101 149
109 111
159 481
19 214
63 354
89 343
289 397
464 480
12 438
291 328
14 489
36 80
189 346
37 140
372 459
113 253
195 362
149 489
321 370
75 282
217 221
150 181
301 452
123 153
9 175
373 421
116 247
163 411
41 80
39 118
249 420
20 155
50 77
71 226
2 236
223 418
62 209
437 497
236 400
333 363
82 95
115 287
182 480
243 457
159 386
29 164
284 434
33 397
301 489
30 250
78 390
198 301
376 461
112 329
293 434
213 260
45 382
38 403
36 397
164 463
14 373
268 275
68 229
214 346
113 260
47 390
153 321
68 410
90 456
70 172
274 410
307 410
359 392
113 237
98 363
277 423
337 486
286 321
302 473
69 489
101 221
403 449
264 290
189 270
288 427
108 492
309 356
25 72
56 90
193 263
209 250
23 64
187 416
74 390
136 154
498 500
61 109
50 267
47 207
92 167
105 263
144 174
225 335
138 398
45 118
150 387
304 403
272 379
111 125
84 129
370 482
332 482
266 312
194 258
292 324
104 433
21 343
303 382
157 452
28 187
48 492
256 317
305 389
208 227
228 323
143 210
61 290
203 450
88 152
218 381
160 163
4 386
35 499
312 329
480 484
9 314
382 419
473 495
219 361
59 150
140 346
145 189
151 304
51 478
333 359
141 458
35 130
116 288
43 456
162 200
15 353
357 425
363 452
293 369
297 481
79 100
374 449
355 474
22 434
201 326
305 363
344 490
33 466
203 328
6 304
14 134
35 302
339 382
66 244
18 107
35 213
88 189
292 354
3 144
152 177
48 50
125 343
365 397
101 302
182 422
118 319
131 343
304 360
19 391
154 281
153 379
442 444
63 116
76 230
282 379
60 367
136 430
456 478
91 447
157 487
23 212
55 257
222 400
49 141
41 393
313 444
223 324
178 229
35 481
272 410
334 472
15 147
153 420
65 270
381 488
370 492
427 473
295 369
21 300
137 415
44 480
94 172
97 389
106 335
377 471
206 370
393 401
310 429
155 233
130 248
431 459
314 364
114 312
50 490
94 387
361 477
295 464
41 421
16 291
19 119
260 435
93 376
55 380
20 462
292 446
129 335
91 152
102 253
169 422
36 465
37 162
89 488
204 239
62 434
2 491
78 412
338 413
297 355
167 335
65 354
106 361
154 448
210 371
255 304
146 312
67 194
17 345
301 434
34 224
26 464
186 223
406 489
23 114
12 259
221 435
433 440
118 352
79 106
84 200
284 395
357 399
72 359
191 354
40 157
112 441
15 307
262 279
19 375
160 225
238 291
55 175
322 481
379 449
271 288
88 303
389 460
78 127
125 412
108 322
129 286
287 307
104 324
56 288
237 391
19 63
306 484
109 372
26 352
69 336
195 491
36 468
293 453
250 261
102 204
47 202
173 448
146 330
235 298
322 420
139 182
82 230
348 364
150 203
247 282
71 428
362 392
16 213
424 437
242 480
29 196
36 356
248 360
246 403
113 340
65 420
137 193
59 408
128 239
389 493
82 278
49 116
264 267
114 420
51 239
171 410
307 472
217 319
44 392
123 131
261 357
402 416
72 489
239 360
305 312
319 328
94 101
437 483
407 480
371 493
451 467
89 182
284 473
151 242
219 421
250 272
57 396
122 161
121 494
56 311
241 390
69 141
116 404
103 445
195 401
29 266
96 264
13 271
84 300
247 354
85 261
311 446
175 179
40 384
311 420
52 268
258 282
149 198
307 336
283 493
449 485
103 127
201 277
58 319
190 325
300 426
116 118
299 471
173 460
122 295
3 99
366 482
290 422
89 146
4 109
91 418
42 230
402 462
239 405
166 488
321 327
141 467
431 479
24 391
140 237
21 63
305 481
30 126
346 474
92 451
15 445
83 271
26 75
140 404
206 421
39 339
161 173
95 230
234 396
124 314
128 230
29 280
347 430
63 448
51 333
262 274
153 312
264 440
27 298
43 462
115 271
98 348
320 387
60 467
181 249
211 280
346 439
56 139
221 299
88 488
234 438
164 231
31 298
185 480
131 295
413 429
357 422
211 445
425 462
226 356
61 310
52 471
173 468
375 473
178 355
42 273
106 386
2 187
189 259
246 426
310 420
113 494
178 280
45 397
157 409
361 416
208 346
156 171
142 437
62 410
91 269
234 291
262 337
154 477
98 393
163 428
270 302
222 416
92 176
175 309
244 399
199 275
118 226
151 227
156 469
127 280
215 282
233 259
24 368
307 402
158 292
108 381
181 338
376 387
428 459
343 392
255 468
419 491
156 335
314 409
83 450
464 495
171 456
217 454
110 273
285 315
283 402
343 418
86 252
105 307
371 392
232 275
95 360
130 196
122 182
159 335
110 213
173 243
192 485
61 458
65 206
112 239
161 249
2 426
85 217
433 482
5 367
32 357
229 458
127 238
78 482
66 220
51 345
107 129
232 489
58 112
145 235
111 321
137 298
11 224
440 482
342 442
116 442
227 242
88 242
168 355
140 420
103 476
79 429
180 353
355 364
332 403
171 179
76 154
229 290
148 263
227 385
299 413
127 445
215 232
8 221
63 344
165 455
205 429
3 385
181 464
43 292
207 415
182 397
178 349
46 380
80 128
159 430
241 339
22 215
343 493
79 405
223 385
184 199
255 414
253 339
186 195
39 56
356 386
100 321
295 454
308 393
129 175
134 346
148 194
180 241
299 338
87 426
193 234
167 208
77 196
22 54
281 367
9 259
125 328
4 372
160 380
50 152
223 499
255 459
77 139
138 353
268 462
218 384
90 470
25 135
49 149
183 449
120 255
25 264
184 195
250 448
3 490
109 440
154 495
38 411
8 351
160 462
312 326
305 452
97 335
68 164
259 272
93 479
251 258
17 334
176 316
91 470
66 78
251 330
57 169
155 336
153 176
7 377
164 483
29 72
91 492
112 425
417 474
153 234
57 283
361 425
31 389
323 382
9 468
242 426
245 278
115 357
352 423
413 442
288 476
219 457
92 235
355 445
389 413
59 312
264 397
423 439
133 496
162 218
13 172
161 172
114 234
129 494
59 216
42 182
167 273
189 206
250 500
125 224
154 419
95 418
398 440
52 136
140 204
213 415
164 362
67 365
31 425
229 298
89 441
66 197
345 417
158 321
280 425
125 238
325 494
206 320
230 452
125 500
308 382
127 385
384 394
15 17
10 291
95 186
329 398
393 423
47 258
102 225
217 219
2 306
191 298
44 77
2 500
7 180
128 244
207 391
19 42
28 395
292 473
165 200
415 479
67 294
40 177
6 339
17 404
172 465
118 324
3 36
375 386
56 125
458 480
51 451
272 449
150 428
156 431
83 430
3 4
15 409
226 292
314 471
266 371
203 264
224 322
294 416
19 317
155 244
346 469
279 296
79 110
95 158
15 177
229 443
57 414
247 304
358 381
207 243
138 175
153 188
282 421
261 335
468 490
121 283
166 402
351 414
255 489
95 260
82 152
310 369
101 388
195 470
409 474
33 410
63 99
275 311
111 295
171 202
146 263
203 490
95 282
45 454
406 436
242 447
57 175
160 352
35 464
273 316
13 166
213 382
150 298
389 447
316 442
265 449
384 498
400 491
196 439
137 291
20 273
175 252
377 486
421 473
40 193
21 151
14 267
416 488
22 113
297 394
114 433
393 469
32 422
134 460
289 458
392 485
15 85
21 212
138 428
223 326
153 444
270 395
292 294
34 395
33 103
189 372
52 250
111 237
98 396
76 91
75 440
169 242
70 331
53 471
216 498
234 382
58 481
277 365
99 187
88 319
89 205
147 285
109 323
213 265
332 429
171 443
72 243
108 131
281 316
9 247
133 312
136 197
414 481
379 480
365 430
290 356
1 194
172 423
53 65
182 458
414 474
59 374
90 279
232 374
31 393
55 276
199 500
54 60
389 399
154 461
106 459
485 492
69 94
202 216
25 151
271 372
323 408
183 313
130 293
104 130
183 233
152 314
145 469
120 204
304 312
245 360
275 467
273 420
218 241
69 294
328 486
251 277
111 145
269 305
331 482
109 235
191 491
95 225
151 469
242 376
46 359
206 417
163 298
28 480
116 345
423 497
23 92
290 358
145 190
178 465
263 275
70 339
123 160
31 435
323 411
83 392
268 358
344 393
310 328
35 127
332 342
329 337
108 276
15 475
338 492
90 449
393 402
120 292
8 241
378 456
114 324
221 355
52 480
107 495
12 128
5 237
31 237
232 313
73 400
54 240
33 272
111 242
72 415
85 374
39 89
474 482
38 166
255 278
312 407
249 372
352 461
146 271
240 324
56 307
185 369
19 437
65 102
318 417
115 499
204 298
218 387
336 339
282 327
13 468
165 412
157 160
220 500
171 441
265 478
161 306
29 449
226 250
325 463
53 500
377 385
42 69
292 342
41 142
100 380
17 243
242 435
66 402
75 424
194 497
127 311
53 83
3 483
38 449
39 317
29 156
5 272
18 281
67 189
405 420
336 463
251 450
397 462
198 404
262 372
12 15
69 359
209 352
55 194
158 423
2 51
205 394
73 378
153 396
325 355
440 498
2 346
227 236
10 400
184 231
11 226
52 474
55 409
122 137
96 498
71 494
11 337
140 193
32 72
89 434
91 233
184 413
156 320
103 217
210 343
314 410
63 288
300 480
213 271
71 108
26 435
115 482
32 365
293 395
47 120
230 488
425 492
48 291
436 491
85 347
407 426
157 348
91 423
161 226
80 415
412 466
115 417
120 305
88 391
411 448
424 462
106 259
113 300
218 392
56 121
97 337
431 476
261 462
48 220
31 241
247 250
18 166
283 432
70 170
169 428
94 464
66 416
311 346
351 459
12 127
86 119
16 211
76 249
427 442
73 95
190 314
29 396
121 220
155 189
233 458
376 449
269 283
29 128
325 359
304 417
20 198
5 499
53 441
40 380
172 228
94 191
144 247
231 339
26 122
317 329
138 480
92 198
215 331
155 388
100 124
224 453
117 386
175 259
25 96
32 96
288 332
263 494
436 470
16 227
55 109
212 265
71 287
233 495
407 468
449 462
44 262
49 324
72 444
153 387
48 79
326 432
20 381
98 340
65 311
130 135
242 268
138 495
40 322
270 474
85 100
135 419
197 368
158 333
69 219
311 335
329 369
21 328
62 391
155 459
48 364
119 347
333 401
171 209
132 429
8 197
332 333
354 412
74 223
146 260
173 440
323 434
275 363
18 254
15 25
260 494
485 486
36 341
219 230
254 451
318 442
198 377
107 161
237 407
131 188
147 162
39 406
15 100
284 370
228 347
67 229
136 328
151 324
79 299
237 246
220 465
78 477
85 369
204 446
172 185
330 411
183 206
166 212
185 328
164 239
178 269
236 290
170 271
310 456
74 128
215 461
10 89
8 395
4 237
268 421
25 488
374 387
72 238
343 395
312 347
78 432
21 69
64 249
255 292
207 220
78 141
40 52
103 285
433 457
266 317
187 441
236 287
229 376
83 275
283 437
2 225
137 399
12 113
158 281
167 363
60 213
92 106
128 181
207 245
33 371
280 460
346 408
32 324
136 318
71 175
75 118
139 477
281 298
91 362
95 299
329 441
59 258
60 186
310 383
189 412
99 297
235 460
27 253
102 184
419 421
33 231
45 445
139 178
230 480
41 127
26 91
56 102
61 495
122 457
95 334
284 380
3 423
63 457
190 220
372 477
211 383
386 478
206 498
319 476
51 141
23 172
326 448
48 485
264 421
46 439
261 475
28 177
4 385
206 394
270 442
304 305
47 346
196 373
203 496
169 187
91 234
316 451
132 446
101 229
385 433
192 294
206 419
2 446
105 174
75 270
84 107
179 195
89 374
7 149
232 358
252 472
86 145
299 429
4 270
231 434
38 278
271 379
106 454
79 256
77 260
123 124
234 425
136 161
34 60
32 328
105 280
20 220
82 472
97 120
95 482
280 378
27 124
255 476
15 460
175 418
203 489
188 466
37 319
258 352
129 169
381 423
29 191
297 462
210 457
69 106
222 422
433 459
314 376
173 447
146 322
79 180
400 445
419 479
234 285
165 221
222 451
60 403
234 281
83 270
53 364
33 46
207 334
42 357
125 326
317 447
368 453
124 141
91 127
92 332
330 366
208 235
34 360
61 180
453 489
3 432
174 317
30 159
12 445
60 239
67 409
68 458
35 192
439 484
317 327
34 100
69 337
114 379
24 189
58 162
16 190
425 446
60 432
145 193
82 123
53 400
386 417
40 437
177 212
96 164
32 168
268 414
390 433
4 143
73 451
274 408
146 274
5 215
79 444
384 392
362 435
318 435
315 391
173 286
163 439
70 452
338 489
12 56
366 425
129 384
104 273
49 313
322 394
298 463
321 413
244 278
34 367
257 492
83 215
245 343
76 282
126 265
125 348
6 359
252 271
249 280
20 200
130 170
81 457
426 495
93 403
42 407
248 383
31 475
111 495
46 112
82 293
209 241
122 435
252 259
265 403
132 143
319 412
21 407
120 233
154 212
200 281
233 385
347 466
100 352
2 384
47 279
38 253
63 132
134 308
284 490
81 115
24 444
12 420
386 466
124 459
250 478
124 319
225 443
237 292
1 255
142 150
257 364
239 430
165 280
7 272
362 368
427 430
78 452
422 461
294 485
50 390
230 334
295 379
154 431
43 187
221 386
268 448
7 264
346 453
156 227
82 374
86 176
102 107
227 230
210 341
216 366
263 280
42 384
410 499
333 499
102 393
113 429
43 98
236 449
169 453
28 328
486 496
133 396
316 491
35 416
164 484
294 455
56 224
15 325
132 481
421 452
201 389
305 335
301 425
466 490
40 275
149 153
382 411
66 171
321 326
123 275
52 356
2 344
63 411
10 393
121 396
85 445
353 410
111 144
311 478
246 450
228 291
317 392
131 202
114 319
224 333
43 242
19 477
26 32
327 404
347 401
75 493
76 254
454 464
154 307
130 319
308 335
367 444
325 483
109 480
266 296
37 141
106 265
7 309
344 359
162 449
123 171
236 301
315 340
39 94
157 405
109 266
2 459
276 491
246 492
196 357
123 384
52 204
157 399
209 438
163 429
181 407
343 406
187 334
76 374
201 357
17 82
164 464
61 256
167 333
183 281
147 298
47 410
126 381
40 264
35 385
12 388
206 228
78 480
168 412
215 224
104 232
220 381
24 72
116 435
102 482
69 196
138 354
150 404
108 237
372 475
102 121
131 473
137 441
103 450
56 374
173 294
53 156
107 297
85 351
116 315
43 252
16 344
12 441
77 299
225 384
252 379
378 473
118 451
148 367
291 301
366 481
52 310
78 341
166 202
37 357
194 357
64 429
76 241
217 301
102 103
84 279
14 249
215 265
43 102
40 453
40 402
149 284
150 408
12 71
202 235
130 488
95 251
45 221
236 438
228 260
414 486
375 378
120 461
119 372
283 317
308 449
308 349
223 477
254 497
261 281
415 431
175 238
49 469
229 379
197 345
54 224
3 217
161 223
194 299
420 457
58 63
225 486
246 417
169 286
147 288
21 389
75 391
290 331
225 264
35 336
360 498
28 221
163 405
459 486
187 324
145 493
55 400
2 24
76 137
238 449
195 328
281 445
119 260
329 395
10 478
120 206
41 395
47 331
313 417
288 322
33 476
68 308
34 375
20 28
198 200
258 478
150 361
68 202
251 328
203 214
289 348
441 461
354 397
275 437
232 495
133 471
40 205
126 375
332 424
155 214
63 131
86 286
30 448
136 410
213 424
212 285
158 175
85 380
1 435
83 241
302 310
113 175
202 302
284 422
258 267
75 436
69 102
21 181
184 310
59 255
345 374
22 282
259 396
145 378
37 251
245 477
296 455
285 381
176 363
191 469
106 244
133 394
305 357
41 117
410 425
205 482
3 440
134 476
113 460
75 263
86 443
1 496
39 247
175 447
190 307
216 419
339 428
187 329
97 315
213 484
271 468
414 475
69 343
99 202
28 495
248 403
443 475
202 478
283 447
20 171
368 412
109 237
5 138
331 336
124 152
56 480
85 251
5 238
353 449
111 183
241 476
34 269
139 295
126 155
110 465
66 478
42 93
321 354
67 266
54 439
19 237
186 346
264 393
395 419
221 446
21 180
25 301
83 136
22 439
62 493
155 248
14 301
9 403
28 156
204 247
50 301
206 491
166 357
59 330
203 367
19 294
108 112
63 480
265 341
308 334
322 456
230 450
98 265
14 68
250 311
91 388
62 87
144 432
218 488
261 409
202 444
37 170
328 448
65 269
250 257
105 163
15 103
145 234
295 473
159 206
177 373
110 364
317 399
247 344
171 487
54 476
34 332
375 485
148 394
280 368
65 185
163 442
22 87
117 310
5 176
446 459
149 487
140 284
129 473
227 435
167 475
245 426
160 366
287 416
124 414
243 410
206 261
2 281
48 183
256 385
6 263
41 300
101 211
15 476
13 375
77 383
141 183
26 145
98 106
68 136
321 479
170 247
67 475
435 470
62 237
125 401
179 355
338 353
386 493
97 116
185 286
174 237
86 241
344 351
254 403
159 361
408 478
324 490
125 361
378 415
148 179
122 448
58 198
84 435
104 172
50 178
253 273
197 232
70 322
141 372
95 238
181 422
27 98
17 141
250 313
78 385
337 342
83 154
170 366
194 204
52 414
159 360
42 419
215 432
329 375
371 498
35 335
296 467
3 387
186 441
261 312
230 247
86 101
263 419
60 279
220 366
64 228
240 252
193 219
43 351
17 160
202 309
73 299
299 420
59 292
181 202
432 466
391 415
213 255
74 480
20 374
34 129
99 292
9 421
293 368
45 69
106 392
301 411
27 242
322 373
249 282
269 412
190 191
39 285
65 396
64 338
290 328
120 181
46 68
23 357
42 480
242 448
83 290
355 468
1 6
275 496
45 123
122 319
372 463
95 127
43 195
285 422
6 482
42 369
202 335
45 321
211 493
212 248
168 322
77 126
29 491
44 498
7 187
71 191
238 425
480 490
24 447
197 231
89 191
93 136
327 488
339 374
123 411
443 476
21 66
358 363
118 147
292 434
179 428
86 281
13 270
53 407
136 371
157 403
481 496
249 432
145 425
12 468
384 480
18 27
216 346
127 135
360 481
180 384
29 135
171 251
57 93
75 100
258 393
95 368
41 391
193 443
234 300
73 81
102 235
191 204
343 394
263 412
255 419
244 451
294 451
41 132
114 262
161 322
23 372
55 351
163 211
28 85
261 367
164 436
468 470
414 491
70 104
77 153
188 440
89 109
319 386
103 184
21 430
31 338
57 196
388 437
180 389
103 139
155 360
92 481
212 276
446 480
63 316
168 416
229 500
275 327
79 306
169 351
68 319
210 386
273 370
303 495
12 431
208 306
133 355
13 360
76 452
81 166
214 495
237 481
95 163
187 412
117 129
21 349
21 393
79 446
118 301
27 39
151 412
93 484
88 128
340 399
143 247
145 364
384 424
219 469
9 157
129 232
116 176
242 349
267 472
217 420
152 398
121 500
99 310
182 448
327 415
97 241
236 336
364 399
165 499
371 489
142 245
81 285
234 449
3 209
95 366
380 453
111 149
26 127
74 262
69 350
33 219
58 195
54 67
136 267
51 107
188 477
174 318
34 119
4 493
215 492
84 420
331 479
211 312
460 496
243 445
433 450
3 254
40 232
27 130
299 351
129 330
87 211
183 454
141 230
108 357
230 311
44 483
174 496
62 100
145 244
359 496
235 385
33 300
63 336
75 90
205 427
90 113
52 260
232 466
194 279
141 227
142 355
13 183
217 324
26 224
214 388
113 200
262 468
64 454
268 394
239 444
242 419
362 379
166 167
26 320
309 355
114 196
188 301
271 311
275 302
139 396
370 478
51 435
357 452
318 464
162 490
117 215
7 324
66 155
274 471
235 265
9 36
9 19
117 255
334 371
75 172
300 326
264 460
98 349
86 392
124 126
410 464
344 447
182 305
96 385
190 321
312 423
373 422
197 205
160 500
160 171
266 435
309 491
68 331
132 279
95 190
371 440
254 492
200 266
89 375
75 397
106 447
29 223
25 455
436 440
171 348
224 459
70 100
141 292
4 9
106 461
91 176
122 265
166 471
162 358
274 489
313 413
285 363
226 451
117 151
128 242
25 487
179 184
210 379
46 51
369 403
20 341
326 387
29 40
127 424
221 323
5 289
24 379
13 421
27 309
90 107
174 262
54 275
262 471
311 413
75 221
14 190
15 123
265 380
358 410
331 403
185 367
126 397
202 291
256 487
131 305
75 132
247 421
353 357
206 303
114 336
63 430
39 209
64 324
196 484
253 358
194 250
28 410
75 229
151 332
198 333
25 164
144 315
110 198
432 450
85 214
91 429
4 490
367 427
35 86
141 236
222 476
69 434
272 475
116 460
142 343
160 410
193 373
90 132
354 371
56 414
82 294
392 491
17 337
384 449
86 493
191 352
145 458
467 484
345 432
301 357
51 276
19 170
135 186
235 477
320 340
92 164
347 366
135 253
51 264
233 383
99 233
100 192
56 228
43 288
136 366
196 292
124 400
259 353
240 304
356 375
78 237
155 180
25 490
320 458
253 276
139 231
63 168
156 250
106 175
99 137
119 312
394 446
77 167
401 436
18 187
195 471
7 246
236 487
108 115
16 340
58 492
24 382
7 38
136 196
22 174
61 258
6 333
62 374
211 456
235 459
213 283
438 473
155 174
20 288
67 89
81 438
224 255
204 434
250 396
227 316
114 367
240 380
282 472
168 447
28 489
31 41
170 484
197 473
12 449
32 184
71 158
200 314
271 397
81 393
357 496
213 342
115 347
97 222
47 59
97 312
70 221
217 306
373 460
62 257
5 426
107 130
87 455
55 434
10 392
172 241
65 140
38 165
401 483
20 201
219 408
87 92
174 499
103 432
120 376
205 375
255 282
316 477
86 290
54 383
149 469
57 293
89 366
113 160
196 470
170 307
191 430
60 280
186 397
340 493
320 465
19 194
4 181
182 421
187 208
178 337
196 242
231 337
39 194
35 254
203 399
94 341
92 414
262 390
112 450
333 397
394 499
61 177
85 99
2 329
215 255
192 483
38 333
120 338
220 342
240 300
135 491
137 360
56 400
101 169
4 236
257 459
98 402
293 414
481 494
265 368
250 352
41 297
44 94
176 293
13 273
89 317
86 483
320 397
101 398
280 417
7 332
156 245
90 365
299 436
130 224
272 328
411 459
42 333
161 255
205 241
95 297
40 99
104 236
347 416
102 248
115 244
39 380
413 488
391 413
191 255
241 364
219 224
132 491
60 229
114 260
93 338
138 256
460 500
118 346
139 299
236 267
75 469
275 282
192 274
197 327
65 190
92 373
8 99
7 369
8 78
128 210
22 307
41 473
340 395
124 373
265 476
31 494
46 362
16 257
294 396
258 468
103 337
208 446
394 399
287 308
124 384
81 85
15 165
258 302
359 485
96 228
282 400
131 355
458 472
67 422
325 490
382 407
23 66
197 258
55 105
21 102
235 457
165 278
101 295
215 261
419 471
250 435
235 437
27 427
229 495
125 499
106 180
208 332
212 307
174 208
43 172
128 478
398 482
160 165
248 433
56 497
265 439
110 475
300 487
338 480
215 422
401 463
79 191
313 382
84 495
55 133
191 451
233 476
33 190
34 321
64 470
245 483
187 256
8 39
227 457
3 451
10 45
333 442
124 230
164 234
72 408
142 358
9 466
162 411
19 213
116 346
109 263
298 457
118 264
11 285
229 282
139 190
350 388
38 270
30 278
393 481
147 347
34 170
41 186
81 353
70 343
143 246
68 416
343 483
149 197
232 491
20 296
203 216
118 156
457 459
337 364
4 101
187 212
6 442
43 359
107 387
39 409
34 191
154 428
222 491
245 302
418 459
243 468
70 220
50 281
241 436
302 479
311 382
240 384
66 200
144 265
185 290
264 285
71 465
224 498
458 468
99 244
116 206
125 316
120 406
268 313
272 386
110 267
248 497
211 483
74 421
5 356
258 444
29 32
278 327
19 331
206 241
7 67
18 252
41 340
284 324
316 346
244 251
198 466
461 470
16 492
287 295
178 380
353 366
189 280
96 407
18 186
7 316
474 493
173 485
80 177
307 331
222 435
89 294
345 490
254 378
42 336
132 376
139 375
8 366
435 446
149 251
40 331
97 110
300 314
307 404
356 393
394 483
396 487
230 411
112 120
125 380
349 400
40 182
15 432
68 482
43 208
139 460
232 483
53 179
90 146
92 281
129 205
79 283
2 4
318 342
138 345
195 306
219 285
352 436
111 115
103 294
402 490
27 88
58 172
312 318
100 470
125 219
97 179
42 136
107 202
1 139
45 120
22 74
233 415
285 397
22 461
153 339
174 411
135 408
122 462
43 410
275 277
267 370
201 280
92 360
256 408
310 316
237 445
55 379
345 349
90 288
33 317
74 324
19 384
91 298
343 357
120 164
226 328
198 296
159 432
362 476
57 365
197 412
135 190
25 406
3 395
321 334
191 495
39 256
29 299
153 201
73 101
43 442
61 488
361 364
99 465
243 252
166 340
218 251
22 83
261 389
239 389
227 495
369 389
51 226
90 142
390 408
212 463
8 44
168 258
133 221
327 345
262 280
13 418
59 261
224 305
71 157
384 412
11 57
77 252
491 494
195 500
405 436
131 447
222 287
192 284
270 379
351 361
50 245
18 207
351 433
99 342
194 320
85 129
92 265
299 441
67 429
238 354
194 440
85 435
59 175
74 475
175 313
387 391
257 319
49 476
6 336
20 86
178 215
224 252
325 439
433 499
153 488
89 131
266 285
33 493
177 442
283 386
22 436
64 468
93 204
368 378
57 363
328 403
37 50
20 349
200 264
293 456
56 492
49 466
223 453
119 321
121 237
1 165
4 73
13 114
249 253
133 160
1 439
125 261
299 340
244 358
126 500
257 303
217 361
64 389
93 409
226 296
65 77
295 333
46 365
183 482
199 382
264 371
29 143
384 492
2 336
79 219
232 467
39 315
153 487
423 452
24 483
4 416
155 171
80 386
114 412
304 458
4 414
49 281
91 103
201 466
221 499
363 489
38 313
30 166
313 468
92 396
203 318
156 413
329 443
3 135
4 460
17 20
253 397
231 283
170 253
179 429
310 402
274 433
76 385
282 457
302 494
437 446
339 392
35 263
112 445
65 327
45 125
134 428
348 375
260 491
78 319
47 437
118 241
464 465
100 419
57 165
272 326
109 347
271 320
22 136
152 330
56 393
142 498
143 180
103 349
202 494
271 444
85 344
90 377
157 432
190 409
212 485
365 494
310 409
294 367
107 385
203 295
445 496
224 362
149 467
270 350
120 207
230 255
178 475
53 150
198 337
40 93
34 330
118 493
104 165
26 467
215 363
382 473
306 424
231 377
117 332
117 211
54 235
9 152
51 246
227 344
240 281
357 481
71 426
240 376
216 293
187 380
133 168
138 384
7 486
177 419
208 448
157 177
268 351
279 415
246 469
487 490
274 453
58 296
54 68
183 312
105 212
358 372
236 335
1 215
264 499
284 496
62 328
99 358
253 338
312 328
196 389
75 434
80 319
74 270
26 397
256 329
128 360
44 466
378 497
30 222
354 374
335 432
273 406
137 154
42 496
126 312
213 460
84 172
67 75
285 339
143 496
158 169
179 316
2 117
19 85
20 350
16 110
27 245
22 112
222 301
157 410
44 48
253 500
363 377
146 154
246 419
185 194
175 251
486 494
48 66
66 204
5 11
318 377
97 349
292 407
71 181
120 441
177 403
49 366
56 317
232 343
115 224
197 462
41 195
135 407
163 486
109 172
276 492
329 420
147 407
1 77
424 475
66 299
217 222
387 471
277 408
120 478
461 463
316 361
293 363
16 93
304 327
423 464
370 463
323 430
24 429
255 453
355 433
386 425
52 192
111 212
101 205
105 195
472 480
207 362
93 417
283 348
170 361
294 450
39 338
214 464
262 487
19 126
103 475
196 352
192 329
46 383
227 441
26 324
193 202
41 225
4 366
176 380
201 459
267 373
118 268
143 443
392 488
298 320
267 284
250 419
215 383
62 151
176 398
119 386
121 403
168 296
195 475
193 226
29 204
79 247
120 135
43 92
46 471
54 120
133 147
153 212
375 414
15 328
163 287
111 440
14 217
149 193
81 252
286 298
42 74
207 464
172 340
301 479
364 406
114 293
123 188
3 408
105 368
181 444
89 246
336 429
86 422
209 370
282 491
7 343
273 360
25 188
50 459
113 241
190 273
293 306
30 210
98 494
269 371
82 253
65 451
230 376
28 125
297 390
112 183
96 114
13 176
399 494
354 474
14 372
323 352
218 450
91 483
173 463
216 287
118 170
87 100
165 181
73 155
314 378
8 152
372 454
40 185
147 286
220 447
47 93
162 331
185 232
176 321
242 244
6 134
430 434
269 312
259 395
131 240
439 474
316 484
34 478
152 477
227 330
64 392
308 350
117 345
155 490
66 455
242 413
138 388
8 86
197 421
181 469
391 393
360 400
30 280
140 400
263 358
292 335
228 360
117 217
175 227
176 405
145 271
462 466
71 305
60 170
346 411
132 406
118 333
423 424
93 430
343 350
41 445
86 161
184 369
196 464
109 393
63 443
12 358
45 414
314 421
159 341
207 304
97 395
304 493
59 254
358 440
17 264
31 218
231 253
300 315
312 445
113 365
360 429
164 262
31 163
127 173
404 477
91 417
229 239
163 212
319 441
112 160
36 110
15 492
3 72
49 457
310 438
224 474
282 482
91 209
48 55
86 256
81 138
378 448
77 336
179 183
273 326
111 257
3 278
54 278
192 347
198 220
40 228
40 152
202 264
305 331
252 305
128 485
279 448
164 355
411 479
70 253
60 434
267 473
99 207
151 455
109 324
252 388
73 137
132 490
382 427
125 292
22 214
111 146
30 53
104 285
231 424
63 421
78 467
29 201
39 405
347 400
218 397
108 111
248 409
341 410
256 407
124 127
74 386
81 436
2 62
174 425
20 283
163 465
247 332
234 366
173 490
94 309
249 266
61 210
13 404
128 296
257 347
202 212
49 330
327 446
81 112
412 450
27 290
57 328
20 265
149 286
7 375
245 325
60 262
159 295
165 236
355 370
358 371
152 470
118 331
66 118
155 401
1 253
242 475
103 400
248 372
11 298
85 415
40 45
192 298
110 255
450 483
116 154
211 402
285 472
6 322
25 444
241 320
390 456
152 337
256 314
49 74
452 481
59 469
43 203
148 370
145 349
400 422
92 456
258 489
17 176
229 340
214 392
20 365
169 477
33 135
77 84
89 461
30 36
199 238
31 203
98 325
114 341
149 217
61 220
1 208
184 275
58 490
378 496
148 166
89 152
252 453
41 334
105 197
7 267
292 334
212 496
386 394
311 430
183 345
303 447
356 433
368 438
198 367
163 170
198 474
489 490
52 132
73 349
109 204
5 132
41 118
62 403
406 500
186 404
251 458
290 428
340 381
185 357
60 171
381 446
19 111
159 202
49 351
138 390
396 472
104 408
38 295
29 44
128 172
70 191
196 342
28 332
116 436
32 472
95 449
174 261
474 500
153 231
160 166
13 224
74 379
141 178
16 316
80 162
8 17
35 495
22 437
47 477
85 437
182 380
443 458
66 134
234 272
8 124
120 298
21 324
53 69
25 370
269 491
348 381
195 204
278 432
45 89
179 305
170 390
107 324
5 490
52 91
93 297
250 320
154 350
229 310
163 350
52 345
133 136
18 391
306 430
242 457
116 355
3 261
194 296
359 465
345 353
270 407
45 388
81 156
149 396
235 412
104 463
238 344
423 454
315 431
70 280
160 283
303 343
36 130
43 322
58 182
17 305
249 270
45 198
3 499
2 120
70 254
182 478
82 348
296 405
263 376
257 383
36 217
159 372
361 405
248 438
422 468
314 361
69 450
184 457
21 376
62 134
251 284
70 232
145 283
390 460
152 383
451 499
285 305
184 415
202 265
38 414
5 467
258 373
106 353
55 214
7 441
96 113
82 142
60 325
377 383
105 140
176 272
44 333
230 304
30 283
294 429
29 85
114 166
46 492
81 317
212 214
148 362
274 401
193 378
286 375
368 404
51 263
62 322
176 350
294 406
144 273
35 200
28 169
15 112
88 351
93 374
11 372
134 432
261 318
185 263
22 51
11 360
223 328
202 414
165 199
129 197
144 470
154 457
167 285
169 173
192 261
46 199
408 409
56 405
189 276
49 205
21 58
470 471
207 428
94 346
79 369
402 441
185 196
247 422
143 424
200 496
188 283
84 241
228 395
93 427
362 436
112 443
278 294
22 257
112 179
105 461
321 450
319 460
54 339
229 317
425 488
280 375
220 327
99 213
358 375
96 468
55 438
51 177
175 182
265 466
160 386
10 295
225 302
169 323
77 438
131 159
10 366
45 269
66 269
160 499
330 458
68 317
224 246
393 437
407 420
237 281
30 316
258 306
79 176
19 143
213 474
134 205
262 310
225 291
23 396
141 220
235 416
21 239
433 462
33 52
16 97
360 363
157 354
203 265
121 278
90 129
300 462
33 484
95 143
119 318
393 410
394 445
274 313
158 407
100 424
223 253
40 150
272 498
61 342
176 202
283 430
148 183
300 409
304 430
374 496
157 467
226 303
92 137
101 473
349 499
459 472
17 335
143 337
123 241
129 250
39 286
158 350
99 387
386 409
132 273
108 183
333 449
13 250
220 386
75 460
248 368
96 297
95 119
178 418
165 335
242 395
293 364
146 307
72 430
305 423
95 313
176 487
125 484
54 343
104 450
218 345
262 307
95 411
113 447
379 458
11 170
52 67
92 179
90 466
66 386
272 347
95 478
333 459
6 389
32 205
65 209
216 361
353 407
361 443
14 116
219 302
87 278
29 210
178 480
102 285
139 339
12 22
263 387
178 382
198 380
354 393
5 9
358 383
170 275
44 201
138 204
35 229
60 93
76 360
198 314
339 483
23 467
166 345
223 486
160 282
437 479
326 468
11 46
117 387
85 188
201 334
333 458
229 461
6 70
8 111
37 165
22 450
161 340
75 149
14 207
121 134
53 135
152 481
7 90
9 52
314 332
18 343
251 419
236 353
345 404
386 432
333 453
182 300
304 357
135 418
1 474
435 480
18 427
317 358
175 324
333 456
33 210
56 69
245 256
5 494
137 369
280 390
186 189
76 106
252 405
82 341
166 455
407 415
291 368
242 399
87 209
284 441
172 295
149 301
159 396
82 393
104 427
311 492
76 187
84 130
93 483
93 351
464 477
262 460
95 445
124 244
233 291
28 135
242 375
46 290
26 46
47 48
13 401
93 337
137 260
207 250
120 134
27 51
84 402
110 302
73 146
292 484
81 495
269 419
14 88
217 238
61 89
314 450
135 185
200 337
346 446
246 406
109 331
234 415
226 345
235 272
110 444
80 233
289 302
421 456
229 479
7 27
479 488
27 360
114 171
121 382
109 435
229 258
25 60
64 410
147 202
118 221
323 348
73 456
17 135
275 481
184 409
88 457
246 488
119 414
28 263
431 439
168 433
24 451
218 272
255 315
207 359
399 437
114 434
391 493
211 381
222 482
111 463
310 445
21 479
304 438
5 457
138 424
139 448
322 396
148 213
21 29
216 220
238 439
171 239
224 438
302 387
108 455
177 351
22 386
38 97
436 477
100 446
165 283
232 362
277 417
212 338
177 182
22 293
56 259
242 250
47 496
127 161
10 317
114 408
41 286
174 467
125 275
174 456
48 445
161 354
240 484
229 232
257 494
93 103
37 236
112 487
277 461
305 475
211 454
50 84
250 395
243 364
251 252
395 415
107 183
220 325
155 484
101 255
170 371
42 112
51 343
27 252
318 444
79 244
388 484
93 282
196 271
198 453
52 494
290 416
266 360
237 325
122 262
187 358
280 374
54 179
289 436
399 433
202 427
322 381
25 198
54 484
323 416
24 266
249 328
221 322
132 483
115 292
178 312
287 474
45 360
90 469
108 212
182 484
98 205
110 238
82 296
96 102
442 458
265 477
51 348
196 208
341 453
146 250
453 483
186 263
75 350
78 345
185 421
135 143
61 359
278 481
105 159
32 43
7 63
10 496
140 414
12 326
457 483
27 79
59 323
58 118
227 445
206 221
105 443
241 484
109 143
430 461
67 459
102 479
240 311
16 80
34 211
24 45
433 485
83 117
103 403
57 311
28 32
124 448
138 274
17 313
24 264
137 250
188 445
164 207
312 331
7 489
240 287
60 457
309 447
106 250
54 152
144 338
36 253
8 404
131 397
70 212
246 329
88 383
74 225
149 380
214 397
203 313
201 234
153 325
161 204
184 406
26 488
208 307
10 368
198 250
340 446
439 440
217 377
117 179
38 45
56 318
283 364
296 408
366 368
105 386
220 311
240 430
224 428
302 305
81 478
224 368
393 449
239 439
65 347
109 113
141 349
106 205
2 86
27 379
397 498
257 266
286 447
273 481
139 441
45 136
286 293
335 483
301 323
24 403
393 462
171 494
302 321
10 309
80 244
210 298
20 342
33 274
244 474
130 448
472 482
119 190
271 418
265 308
177 203
185 428
44 394
17 339
236 296
110 387
323 436
44 257
168 396
371 442
426 448
45 137
197 198
78 323
218 441
146 498
59 354
59 371
98 350
249 443
18 167
3 479
103 452
148 243
402 469
204 311
85 280
102 147
263 476
229 274
215 460
156 438
248 263
95 289
205 267
146 422
120 487
297 383
150 434
23 223
234 403
283 381
22 42
136 233
129 171
23 422
194 292
148 226
7 481
172 440
412 477
113 400
15 42
8 114
128 182
140 246
182 261
113 131
4 421
197 324
6 246
87 366
272 289
147 377
60 156
424 481
97 417
78 429
169 305
183 195
386 470
109 247
247 278
26 84
6 362
167 425
391 467
209 381
112 397
91 208
248 458
412 488
381 476
65 114
431 490
78 250
32 462
9 174
56 477
194 463
171 411
179 403
189 414
192 291
10 198
78 286
210 469
41 460
208 285
169 326
340 383
110 459
173 358
447 494
165 225
175 231
371 375
60 200
312 387
131 402
267 343
32 139
6 388
255 311
49 430
125 455
268 401
197 400
292 357
393 406
405 416
56 376
92 229
140 149
185 427
40 171
297 369
6 328
161 493
103 105
335 378
71 398
51 120
174 480
240 347
100 414
411 499
12 244
134 216
377 389
174 293
224 494
62 231
223 322
69 75
19 165
289 411
195 200
18 359
75 207
33 144
237 285
58 452
125 192
100 113
140 498
109 299
19 338
124 317
350 439
234 347
168 371
196 290
286 485
197 264
10 334
237 322
70 477
8 285
239 271
282 381
63 324
112 144
123 416
221 270
176 236
370 456
227 273
134 164
298 440
212 436
103 221
263 393
110 460
98 365
128 148
298 335
66 148
38 482
114 127
184 278
50 145
291 366
20 241
285 497
46 210
178 403
77 190
261 456
263 385
96 143
60 207
6 298
94 336
49 54
424 450
159 186
359 373
356 480
153 304
87 316
217 398
116 168
214 400
145 417
352 426
124 485
267 451
83 431
386 465
166 397
135 376
94 500
47 307
137 181
313 326
69 253
91 370
118 163
18 396
284 326
252 494
34 438
119 176
272 295
101 232
131 349
399 449
228 273
224 424
246 325
287 312
21 478
73 140
135 287
152 246
74 303
75 134
330 415
63 75
288 290
440 493
26 141
150 219
150 156
75 257
404 427
232 455
55 386
464 493
211 222
104 473
371 403
286 412
383 434
45 347
372 458
254 405
427 487
77 494
181 250
84 203
6 88
190 401
125 265
21 142
242 314
58 457
14 205
122 377
6 184
161 378
128 291
106 384
5 203
33 331
195 464
1 273
59 145
381 456
129 189
348 417
216 229
234 421
126 435
33 130
123 313
438 450
82 237
465 479
276 468
62 406
120 154
205 454
73 267
249 379
82 445
28 242
124 233
164 209
25 62
193 418
90 128
314 424
336 343
260 418
96 285
15 65
129 147
175 369
184 440
347 378
334 449
268 481
228 276
35 264
2 483
379 495
50 244
92 258
92 228
305 345
147 446
120 430
421 429
5 21
344 428
342 449
190 493
179 198
141 190
162 197
217 484
131 251
141 399
424 468
164 174
12 263
14 126
342 384
248 279
231 363
77 267
269 452
257 263
19 476
40 416
27 303
123 311
124 276
218 284
84 320
10 174
178 499
183 426
212 380
305 391
83 352
365 425
85 316
320 454
180 283
177 356
164 315
192 481
65 470
1 392
326 400
10 228
83 219
157 491
261 323
84 185
27 283
64 186
100 166
418 451
192 402
125 371
260 363
267 478
25 308
1 254
145 186
258 487
107 393
41 131
95 181
168 225
174 395
55 199
50 229
178 497
89 221
145 480
193 214
164 189
366 472
363 451
91 356
223 432
10 98
146 153
185 500
188 292
368 445
207 405
15 19
165 268
239 378
250 497
280 363
83 152
70 422
137 238
215 344
270 392
50 441
22 345
74 167
58 329
49 209
340 445
115 181
63 279
113 243
26 351
364 500
265 452
165 472
376 465
170 197
268 384
317 415
115 382
78 422
179 452
302 317
274 436
196 347
80 88
218 433
178 426
188 336
320 399
281 315
232 490
21 474
355 392
428 455
280 284
73 475
20 292
352 444
384 418
26 300
292 442
135 479
171 476
39 489
51 292
153 365
284 366
278 375
19 129
401 493
457 463
352 451
127 474
25 391
391 407
37 121
43 138
82 224
265 339
166 331
34 237
143 169
191 245
65 349
492 496
235 450
21 289
175 180
75 261
52 462
241 340
57 189
166 261
134 281
317 350
189 479
30 321
89 225
318 400
232 340
90 237
185 256
367 445
348 415
211 279
256 380
33 423
48 272
371 438
95 374
94 121
58 194
77 161
421 460
267 446
296 492
7 498
156 481
112 400
369 477
268 328
263 349
150 168
298 381
238 267
271 333
126 406
48 288
87 121
28 362
3 410
39 80
356 479
33 447
55 68
62 286
20 355
316 481
305 480
182 342
18 274
12 482
203 415
325 453
160 390
160 336
336 378
240 408
133 491
283 302
481 493
182 312
232 281
269 317
29 35
103 478
54 466
127 299
138 324
193 489
22 315
107 321
182 457
232 319
25 209
138 416
10 417
38 407
366 375
1 492
10 122
430 437
143 432
317 364
176 335
64 477
427 499
301 340
81 97
259 304
238 241
272 375
291 409
13 97
14 448
34 36
173 275
202 443
186 417
47 157
196 235
43 490
99 458
53 145
186 429
122 414
320 389
190 474
103 321
131 144
76 82
152 181
131 142
197 452
196 391
165 451
5 226
442 447
83 376
242 469
36 55
96 441
117 150
275 458
292 352
162 430
60 364
147 254
359 444
31 136
22 171
200 463
285 359
171 425
41 63
160 467
284 357
16 478
486 492
141 410
7 405
39 111
161 325
236 498
140 492
143 459
204 353
265 326
187 368
136 487
239 373
346 434
182 243
1 169
143 368
422 472
44 424
83 332
203 257
236 414
16 124
70 301
72 203
432 451
136 315
186 190
121 267
245 420
14 357
181 442
169 270
68 471
8 139
310 492
385 489
260 416
243 289
116 228
381 429
4 88
13 189
188 219
223 271
169 414
142 198
345 500
307 477
246 430
179 382
23 497
2 150
194 496
385 419
114 454
300 382
20 238
82 352
28 312
135 354
23 437
72 495
115 439
173 359
169 288
94 472
134 297
146 229
333 354
134 440
187 384
23 70
453 469
18 362
163 283
374 453
31 474
49 491
318 433
176 483
410 496
24 76
94 149
138 285
91 350
55 130
7 248
177 411
207 431
303 328
94 158
102 116
42 64
315 320
7 310
170 191
74 425
3 407
141 466
86 274
80 342
223 343
3 344
226 233
42 278
69 318
364 497
174 498
361 378
55 407
138 366
266 454
69 147
141 251
68 407
82 284
189 418
206 254
18 263
265 379
188 214
106 444
90 442
285 418
91 237
86 152
50 180
117 443
45 399
365 471
277 425
72 399
210 484
221 285
4 222
55 479
116 385
50 126
105 176
34 372
101 186
165 462
194 327
86 299
241 328
270 391
296 400
169 203
33 125
276 423
51 129
258 324
159 348
175 422
65 250
90 104
56 233
29 318
163 420
450 490
19 192
226 297
241 295
460 477
47 462
92 252
264 377
125 375
31 274
208 435
161 162
186 437
69 259
81 99
311 317
7 293
82 192
347 404
57 197
54 419
51 207
239 243
367 396
27 168
307 362
125 363
166 466
390 425
96 340
150 304
176 452
408 455
107 246
245 478
14 122
154 308
142 155
23 309
296 488
14 475
300 360
335 449
7 229
389 499
127 323
3 257
94 406
42 361
107 109
24 119
181 397
108 332
341 494
159 489
430 459
162 485
51 175
320 376
110 114
46 203
188 194
6 375
143 178
436 460
141 312
95 424
340 474
12 97
96 383
78 455
79 378
381 386
231 338
337 368
129 337
383 479
34 221
427 461
107 173
33 446
2 232
465 469
121 495
145 150
114 222
2 32
88 265
34 333
129 279
232 411
124 132
56 436
87 221
17 297
18 39
202 284
153 445
127 358
134 388
204 364
14 38
124 473
51 324
416 447
20 319
40 135
149 386
376 436
285 436
152 493
199 298
2 370
184 476
83 236
173 223
28 107
200 230
39 131
274 431
170 397
29 401
77 92
253 433
35 347
174 225
355 403
182 423
14 176
467 490
276 499
200 438
114 236
131 196
5 86
149 410
103 165
166 421
317 342
357 494
323 385
413 416
301 326
288 421
132 266
8 138
316 441
386 399
69 110
165 475
128 337
92 254
228 331
463 478
10 238
141 463
96 321
213 320
38 123
124 344
10 256
8 74
413 479
24 47
13 496
175 410
342 426
47 185
10 382
227 488
48 351
243 321
32 147
85 318
191 274
125 309
2 173
192 283
354 414
18 228
363 444
87 138
284 334
217 267
229 447
148 228
424 473
81 477
235 261
345 454
455 463
43 296
122 320
24 173
23 113
294 401
219 494
12 116
22 26
186 489
110 369
41 372
197 367
82 429
339 452
3 107
275 489
115 132
91 458
19 300
158 224
14 45
19 113
67 106
193 246
214 427
104 469
201 301
247 266
114 159
352 402
287 317
80 93
224 308
26 403
219 405
45 210
174 366
26 181
338 422
350 486
69 435
335 453
62 389
257 458
329 348
415 429
131 266
42 355
77 99
280 358
10 55
35 475
273 438
282 292
187 286
211 236
172 453
104 441
291 296
246 475
208 262
72 210
10 162
119 500
5 392
242 440
461 474
71 195
15 20
334 358
279 303
201 336
128 378
207 308
88 311
128 348
353 408
114 122
27 196
329 338
393 466
41 87
129 446
133 446
180 323
452 458
45 468
126 256
432 498
17 129
36 500
106 396
190 219
273 383
265 493
1 300
87 203
237 309
216 397
46 308
66 313
432 473
378 436
151 215
126 317
369 439
216 467
422 463
411 438
153 331
254 376
1 313
157 448
329 357
35 350
153 398
17 320
348 458
88 159
143 289
30 301
231 342
147 500
133 376
113 284
142 336
92 125
297 483
404 480
210 242
211 331
197 414
181 219
345 494
67 462
114 489
451 488
35 460
78 351
8 51
42 234
333 476
164 232
62 176
117 267
268 292
264 373
66 344
194 373
78 109
134 184
172 351
193 264
10 33
176 412
106 432
32 323
96 258
167 332
307 454
405 466
368 447
26 340
103 306
385 488
307 312
308 482
11 488
380 412
255 381
172 406
322 352
48 260
121 159
240 244
52 440
217 364
10 129
194 410
351 419
81 379
70 177
376 459
63 135
387 464
85 485
97 425
313 378
191 201
240 329
202 410
316 418
149 390
388 499
208 214
343 375
86 228
90 376
102 108
35 498
9 87
164 270
109 246
116 203
10 240
139 314
374 441
325 348
174 490
44 475
126 408
34 38
58 99
113 144
391 437
153 494
46 165
130 483
238 447
106 147
251 402
184 274
91 107
374 462
251 303
258 442
271 399
93 340
117 362
238 455
152 447
90 498
79 367
139 159
54 414
61 447
295 367
385 409
154 439
4 184
315 433
70 120
336 341
306 368
141 486
70 394
225 301
193 424
114 476
110 500
167 483
167 239
59 131
7 349
144 302
2 431
309 347
47 480
50 500
164 388
41 320
221 439
294 474
46 399
100 228
179 259
39 333
281 290
356 474
439 467
242 418
285 443
99 396
285 394
186 211
37 138
402 424
116 474
27 137
92 465
86 306
297 348
148 259
130 499
189 319
67 284
277 298
271 369
82 290
119 358
289 367
80 83
213 268
11 500
334 360
322 491
147 344
444 472
27 157
226 360
381 467
66 482
434 467
248 290
251 270
377 454
13 33
181 309
133 459
298 376
51 201
326 370
142 284
38 137
234 276
145 470
62 385
67 215
126 347
205 373
329 464
323 424
154 394
168 484
63 286
197 343
248 269
292 444
22 430
339 466
103 187
119 135
97 170
425 465
42 60
213 439
112 405
345 392
149 393
18 177
89 389
42 338
261 403
118 253
232 393
1 151
464 486
162 439
172 428
320 435
5 232
1 109
13 83
230 383
39 360
12 311
22 416
180 258
324 325
204 399
127 462
236 299
150 226
78 488
176 399
5 141
25 445
405 423
410 479
55 266
3 346
86 123
181 241
44 183
93 497
367 393
76 479
396 399
155 431
226 315
275 420
100 305
223 411
102 319
119 246
159 359
125 149
187 390
121 325
81 125
86 219
146 455
142 490
263 396
154 337
134 480
132 235
60 122
308 412
37 68
102 254
190 252
297 498
126 373
145 427
187 364
226 390
64 360
16 275
138 445
193 497
322 484
426 473
2 229
468 472
300 386
151 468
129 253
204 470
50 102
184 450
74 133
165 272
91 211
137 185
4 61
47 49
225 314
106 192
212 442
132 179
66 378
62 352
4 257
81 177
349 418
182 232
229 492
153 454
67 346
467 478
90 254
196 280
88 409
177 286
27 111
225 322
104 343
177 401
98 474
184 417
103 194
301 387
162 361
11 128
193 200
429 470
90 116
117 309
31 386
243 333
256 436
104 477
154 486
176 397
343 453
340 440
12 235
305 321
85 98
127 442
291 329
84 477
59 223
265 436
102 400
213 243
45 465
300 473
445 456
92 139
13 204
157 427
346 380
199 339
12 50
386 406
63 358
183 214
42 462
383 439
39 218
122 499
80 428
467 474
189 285
103 147
370 423
185 349
166 226
281 431
119 146
258 376
37 149
250 398
221 431
189 404
26 372
118 415
113 346
165 178
407 417
315 480
61 444
237 402
243 419
320 333
76 152
237 430
296 432
168 211
93 265
18 120
14 96
90 94
24 438
25 497
201 209
116 160
362 457
50 422
167 200
103 363
365 496
15 413
121 240
256 382
159 480
193 454
365 377
286 310
121 172
66 265
36 290
94 359
87 482
137 303
123 365
202 365
187 215
66 161
210 258
386 499
409 449
425 487
31 166
6 483
59 419
27 207
111 352
426 430
135 177
256 478
67 230
59 439
241 387
157 453
483 500
260 428
49 118
22 146
191 320
261 440
148 476
11 339
107 227
119 173
299 383
110 113
103 490
313 379
205 211
104 440
239 426
94 440
46 382
255 393
174 290
395 458
103 230
42 417
9 93
29 492
81 144
415 472
21 498
102 378
71 432
309 454
26 468
278 493
10 206
21 67
88 103
41 62
441 476
37 389
20 210
210 483
291 393
27 416
266 395
141 320
239 348
214 289
184 430
137 146
253 440
52 251
350 397
156 220
173 472
215 469
199 438
114 183
421 457
359 427
372 426
423 493
63 194
31 420
437 468
64 210
333 437
183 395
185 420
39 472
143 390
182 257
68 223
77 274
42 405
148 368
326 402
10 292
240 345
261 388
207 479
172 383
62 426
214 425
379 427
108 127
293 489
279 401
52 498
209 479
15 185
154 497
190 269
300 413
166 383
478 495
253 371
315 351
185 259
99 173
107 278
23 473
226 348
240 296
364 485
448 477
395 435
274 306
324 349
89 390
21 392
26 246
198 328
84 219
53 68
77 148
51 352
140 468
301 302
62 66
224 371
71 223
267 408
188 327
425 497
95 113
424 439
84 362
36 380
339 478
256 481
82 158
29 363
175 216
117 342
355 457
314 388
103 177
36 104
176 197
90 360
111 172
106 328
157 451
365 381
303 374
8 153
199 496
55 230
233 244
81 282
62 191
183 222
392 438
13 209
123 207
80 398
239 287
90 381
299 467
429 473
111 220
77 307
274 382
304 394
276 451
391 479
11 408
221 349
58 311
149 184
270 340
108 171
297 338
122 487
340 405
175 439
22 94
147 228
398 451
99 314
268 385
23 36
295 374
195 284
119 317
9 313
196 469
258 400
347 390
46 425
16 398
50 144
386 427
149 485
101 174
45 76
86 243
211 370
122 209
318 323
228 401
179 207
79 294
174 179
311 417
266 481
43 476
132 191
361 471
121 316
59 189
2 45
166 404
138 296
108 380
7 97
137 261
209 369
161 398
51 243
259 426
87 119
100 212
84 302
356 371
76 96
103 190
341 344
157 314
226 407
225 261
147 489
241 257
185 435
186 459
19 107
10 371
174 257
107 138
337 424
297 340
8 374
222 430
16 389
140 338
230 303
6 37
411 471
21 105
192 315
69 495
189 334
28 116
320 488
154 474
78 499
364 390
65 128
368 420
291 403
185 321
396 462
37 410
382 476
165 330
242 402
42 288
109 412
245 320
37 289
292 389
383 446
293 335
180 374
12 191
15 355
369 405
98 302
64 125
120 269
121 314
118 353
376 433
186 269
407 440
337 343
247 300
357 487
185 343
319 394
69 243
74 443
185 227
23 110
293 320
229 408
304 499
337 497
161 337
60 358
218 448
252 409
111 232
168 241
92 242
215 379
82 144
114 371
99 298
71 185
279 403
10 412
160 318
24 414
145 436
405 500
356 428
2 15
415 500
158 370
48 182
119 210
169 436
176 408
50 345
224 446
119 307
120 459
229 426
98 454
14 392
171 500
222 323
170 263
144 479
250 433
162 210
96 347
98 438
406 451
52 422
28 109
54 145
150 498
48 458
39 178
338 340
31 452
245 317
290 362
175 452
201 304
45 184
35 487
21 365
6 148
15 156
130 175
62 98
123 349
331 437
42 67
218 221
220 349
146 465
83 257
171 272
103 339
174 184
104 414
234 293
96 335
213 389
212 397
23 472
270 300
332 392
96 266
19 61
62 245
72 80
412 444
205 421
6 364
80 243
70 127
63 233
198 298
377 458
194 278
157 308
244 416
24 62
181 412
35 131
259 453
165 252
9 394
411 476
228 317
55 339
37 147
97 427
125 492
86 149
33 101
304 341
52 107
8 310
34 291
82 166
107 154
5 147
28 218
26 52
144 408
208 343
326 337
282 324
132 216
240 472
127 220
131 322
286 363
367 474
366 449
171 384
382 499
6 65
58 331
66 227
158 399
56 411
215 417
1 115
204 439
112 169
201 322
55 153
25 218
105 336
78 132
117 202
94 274
232 488
169 500
403 465
141 432
14 59
152 371
53 391
223 365
51 413
14 404
190 214
7 466
43 251
265 457
383 391
62 439
79 488
1 212
12 451
203 383
53 187
91 420
33 253
382 391
62 479
58 262
36 129
38 213
307 334
179 268
340 374
269 489
197 342
147 195
231 492
26 69
140 156
226 343
55 316
247 284
299 458
383 467
169 243
62 130
47 56
13 323
138 404
43 495
323 447
345 398
15 303
225 273
35 497
87 190
201 479
334 465
134 368
128 438
246 481
211 253
395 429
172 493
202 272
88 320
44 296
100 184
343 380
323 329
49 373
250 469
161 200
316 392
90 398
157 484
263 360
132 159
278 452
266 482
136 383
49 475
76 251
102 264
186 203
385 432
177 387
467 477
9 258
91 279
171 446
263 304
196 247
152 364
68 179
198 418
26 267
105 247
250 403
60 164
157 391
324 361
75 185
454 478
100 405
361 429
469 483
143 207
60 114
34 200
141 173
96 317
72 196
221 493
4 185
205 261
304 369
47 97
16 474
130 350
209 260
71 257
167 447
122 423
98 198
40 499
203 377
152 391
28 360
10 262
17 194
170 488
175 384
40 318
109 405
295 477
45 209
292 360
316 340
360 388
337 480
313 348
326 436
305 418
107 270
378 444
120 235
170 184
15 332
174 281
175 497
282 448
124 377
273 499
64 374
61 188
302 499
15 255
235 396
239 291
17 241
55 311
35 265
140 217
399 476
81 213
437 458
203 244
245 269
44 216
167 390
231 254
329 408
411 458
109 399
367 467
203 208
47 303
257 327
29 271
217 239
168 336
229 363
5 458
255 359
316 405
216 310
138 478
18 142
231 500
128 131
24 29
359 467
44 313
61 123
152 388
130 494
224 370
263 312
87 380
76 238
72 277
133 283
85 89
171 328
83 464
148 182
227 327
430 487
224 458
77 264
200 271
31 489
335 492
439 456
116 476
113 352
163 368
75 450
101 201
110 193
1 414
245 422
294 300
18 438
157 204
105 240
144 320
102 486
265 441
80 121
305 365
8 368
35 39
221 445
338 431
73 344
191 300
115 397
102 358
75 225
196 286
124 170
141 429
23 287
410 462
58 412
129 472
205 414
139 181
38 418
304 388
345 393
99 340
117 133
123 363
14 467
27 189
24 61
34 165
46 480
225 306
48 394
272 276
74 108
49 317
345 363
95 427
195 482
19 221
294 351
25 251
71 434
2 358
223 386
158 295
29 57
46 132
96 188
164 447
182 387
297 360
250 264
62 94
24 471
179 273
263 286
133 337
137 283
128 489
65 466
5 302
195 222
287 437
36 303
317 480
166 273
45 124
246 389
23 452
204 231
462 463
12 351
262 270
158 417
149 166
247 303
121 226
7 174
75 95
244 307
123 382
122 273
152 397
137 249
247 336
308 462
232 387
187 422
297 406
379 470
278 279
21 291
203 443
106 488
74 371
67 341
235 358
70 286
175 448
276 321
339 449
347 424
343 397
253 274
382 390
65 118
105 364
353 370
14 74
20 351
391 404
145 401
296 430
268 392
163 206
339 349
95 125
68 103
17 71
107 435
360 446
15 129
326 391
135 404
174 326
179 287
319 496
53 103
487 498
227 289
70 269
112 297
125 299
29 124
163 373
276 345
103 383
280 359
241 445
71 76
371 457
53 204
208 266
284 403
167 431
228 316
100 155
315 327
118 297
12 125
319 498
11 396
31 147
23 55
98 353
25 416
233 453
5 451
56 122
44 212
95 380
134 198
52 64
61 455
368 476
41 235
125 127
208 492
153 183
262 418
39 440
104 334
71 250
266 362
337 357
358 378
65 165
159 161
427 475
61 322
213 365
48 110
18 370
5 6
202 468
232 327
106 344
70 240
169 269
167 320
319 466
88 110
48 205
192 353
68 486
291 353
20 497
286 400
312 419
212 228
98 191
173 187
209 248
20 191
183 396
104 223
12 297
352 445
13 247
255 266
36 485
371 420
58 353
380 499
156 403
225 478
53 154
409 447
57 400
171 417
206 354
90 115
34 326
342 498
108 493
251 376
102 296
80 237
106 336
74 139
74 155
6 446
127 458
1 331
135 171
66 414
9 162
171 283
421 445
84 244
34 349
191 282
25 451
121 228
74 420
256 457
180 225
33 60
177 453
297 313
337 491
387 410
167 334
247 485
388 468
375 436
323 341
80 476
138 465
124 481
39 293
8 398
111 119
63 391
32 321
355 477
268 480
66 406
73 444
88 102
158 213
100 404
76 112
74 256
196 487
199 427
128 166
22 193
140 383
81 440
214 301
148 221
184 227
37 497
60 98
298 358
320 471
359 411
23 102
13 158
325 408
121 245
192 392
21 148
306 334
293 366
363 483
13 155
144 195
42 250
63 419
13 387
13 193
78 204
222 348
91 315
119 164
145 404
232 453
27 33
307 465
323 325
174 272
366 380
82 414
118 403
53 273
42 279
206 358
164 433
196 367
70 344
175 368
115 165
267 476
75 260
230 492
79 288
309 486
40 116
113 137
63 409
275 335
74 419
211 344
244 493
332 489
217 452
109 131
39 239
8 408
334 470
75 351
416 435
421 496
164 440
62 119
284 323
29 342
54 395
166 186
94 385
11 320
131 372
180 226
137 214
51 288
41 205
4 283
24 366
51 450
313 330
151 197
229 372
79 227
44 78
139 373
128 310
146 279
202 333
161 369
67 410
269 273
161 456
32 403
44 476
135 302
227 303
345 428
398 431
38 221
124 270
198 492
253 334
83 278
274 430
95 263
36 325
75 206
125 473
248 393
227 254
354 396
156 272
113 412
7 350
54 325
194 219
16 359
117 474
141 381
360 436
458 498
18 310
241 350
95 126
185 218
177 423
49 120
48 245
200 272
167 421
413 483
80 273
262 425
282 490
175 350
347 445
69 262
185 408
267 346
25 211
86 204
255 308
231 289
228 409
229 283
330 353
70 368
132 459
62 212
268 272
174 479
157 278
337 346
181 292
101 428
360 414
110 424
284 477
45 87
108 142
316 337
9 417
364 480
64 74
204 344
97 190
4 289
342 403
146 225
87 261
115 380
28 196
251 495
93 383
237 316
48 119
255 316
106 294
104 313
137 422
188 271
143 397
359 455
164 392
59 385
222 266
78 397
13 311
429 447
109 292
155 489
135 331
53 290
160 213
445 494
279 390
16 129
63 162
208 229
443 496
285 326
370 471
425 452
107 194
36 223
28 59
4 216
217 375
172 280
32 306
98 451
161 460
13 293
335 344
104 200
132 444
393 432
73 270
6 200
67 448
1 13
123 369
240 306
283 331
75 421
262 432
23 133
84 338
158 365
80 286
182 432
4 196
253 315
76 436
97 118
10 28
234 299
163 242
40 206
272 382
129 422
325 448
70 175
48 436
298 486
495 496
440 449
242 332
19 495
390 464
183 413
138 499
46 190
13 431
32 448
132 280
333 347
158 398
112 334
110 297
18 361
23 147
34 476
103 344
103 253
94 246
144 264
210 234
106 368
400 405
29 236
312 425
217 262
120 123
7 415
337 494
159 237
3 45
61 69
19 201
327 359
155 497
153 156
25 398
209 357
76 358
262 331
178 466
324 354
137 144
178 217
45 394
43 60
362 481
150 266
220 333
67 387
249 413
4 125
89 234
28 237
192 461
123 227
236 285
137 424
67 302
56 399
354 500
345 372
101 152
118 338
285 350
224 271
334 462
28 113
372 420
414 477
55 482
78 157
34 445
40 225
416 428
145 166
8 203
42 154
130 244
121 308
112 212
120 167
42 385
20 399
206 306
383 483
416 461
259 357
163 310
261 392
17 308
16 193
180 441
149 475
420 452
249 334
363 391
42 344
2 52
287 330
452 463
158 162
270 364
160 278
260 327
174 464
396 422
193 407
79 264
110 446
299 300
113 427
227 342
124 478
338 390
126 348
199 373
64 99
410 429
188 496
211 274
377 469
17 193
441 490
40 163
108 347
11 490
239 434
131 263
133 354
208 267
275 439
251 485
37 454
297 346
136 363
83 243
310 448
46 146
5 430
82 210
341 426
240 499
311 415
148 258
6 15
341 467
19 261
76 231
95 372
31 379
1 373
228 359
244 301
41 84
30 499
161 179
280 331
86 255
314 420
286 474
85 391
45 266
235 399
101 433
4 262
166 274
8 97
127 471
306 342
83 216
88 440
234 468
410 468
46 66
237 429
79 154
130 158
8 371
1 459
215 311
45 226
229 453
134 250
244 279
122 404
99 429
435 485
134 270
105 365
25 180
99 368
433 436
200 440
170 381
44 495
429 434
300 441
111 171
210 274
64 202
256 285
52 195
154 254
82 254
115 403
355 391
250 417
145 444
76 351
21 439
171 368
337 402
96 153
248 348
72 409
64 394
219 268
277 368
80 186
191 268
163 307
155 481
109 317
319 401
86 328
151 277
156 365
123 295
367 390
66 259
148 381
87 225
241 353
76 304
231 358
154 437
185 386
67 375
284 466
5 41
221 240
190 469
296 428
34 175
41 48
53 174
398 422
179 278
69 356
186 249
90 313
168 205
3 377
98 151
62 299
279 474
433 488
75 318
87 123
150 288
351 455
400 413
47 269
233 469
179 468
11 388
306 321
71 393
235 406
401 430
254 406
354 433
80 170
2 69
247 415
9 345
312 362
66 122
45 464
322 355
78 344
154 427
373 477
48 136
277 396
153 440
380 480
210 363
149 394
79 295
16 74
312 421
299 378
244 448
210 270
89 162
11 87
15 274
134 220
272 324
194 264
254 352
37 422
90 453
217 422
28 494
82 375
63 296
133 465
253 336
87 184
174 416
227 434
296 381
35 129
24 287
208 458
138 181
6 99
147 246
57 277
159 323
179 255
13 217
146 343
360 470
55 454
325 493
102 420
270 422
234 402
223 301
361 381
132 170
278 305
36 152
216 344
53 309
121 256
212 251
207 381
8 143
4 105
215 260
122 227
99 102
257 489
275 478
65 180
41 450
273 457
63 484
185 280
192 404
216 298
230 357
335 473
192 327
2 267
104 178
93 242
95 159
1 188
301 422
19 448
38 244
25 129
289 402
15 218
38 266
124 234
98 275
85 201
399 419
146 214
86 88
193 271
12 350
200 390
218 271
176 371
72 185
291 404
131 346
18 435
87 264
62 225
113 285
232 286
22 392
205 500
388 418
93 412
52 484
93 160
11 188
11 82
287 490
84 124
29 330
49 450
309 387
32 105
200 409
109 478
294 409
173 347
162 189
459 482
309 444
279 341
63 445
437 442
215 465
322 461
16 348
279 434
117 232
393 453
275 305
241 338
43 452
70 396
65 361
393 496
117 282
118 367
139 384
191 315
250 355
326 394
120 439
375 418
297 334
137 196
17 363
51 191
129 225
202 277
167 374
225 341
305 319
338 493
35 72
137 148
118 375
247 478
90 384
26 348
113 445
39 55
64 285
240 426
108 320
142 322
149 290
297 379
144 441
64 375
136 205
77 262
80 127
141 491
66 86
87 440
5 79
413 478
211 347
113 125
200 242
363 460
251 391
116 376
337 372
260 473
65 225
75 203
75 441
172 305
47 67
236 465
146 232
264 398
46 164
386 430
171 420
176 256
111 283
439 495
312 319
471 475
435 492
84 430
20 52
281 446
137 191
158 381
143 232
145 311
134 302
114 440
104 153
53 310
170 305
227 402
89 335
85 423
200 259
297 389
247 273
81 134
28 339
96 272
247 437
410 478
101 318
226 441
148 282
188 444
386 403
127 142
3 264
170 318
102 242
74 130
367 450
85 264
309 310
195 314
19 295
166 272
119 247
166 168
30 142
38 217
398 439
252 310
79 99
131 221
379 397
114 484
122 311
75 171
226 276
414 419
127 440
371 477
369 498
318 347
98 292
276 363
253 432
94 152
140 173
74 147
85 392
161 492
94 374
36 448
36 332
160 185
189 295
195 395
301 464
132 243
173 221
339 408
107 392
217 322
183 252
287 400
355 466
202 417
1 136
10 436
299 479
116 301
407 495
476 479
68 320
58 69
136 289
366 407
68 401
99 286
89 193
213 397
1 65
73 118
172 386
102 231
26 234
10 102
20 407
316 404
93 280
209 214
2 298
248 274
186 220
18 285
87 445
132 411
120 317
249 295
173 315
235 378
241 430
10 211
165 415
440 497
31 482
271 340
182 238
142 212
362 394
81 209
210 266
229 389
277 468
191 205
130 197
253 297
289 378
191 218
143 488
37 371
140 478
68 246
72 194
190 242
121 445
432 497
79 493
104 277
1 232
184 492
317 481
255 413
69 314
254 344
204 356
65 369
20 347
70 184
456 476
108 391
24 485
180 331
239 464
308 315
44 240
113 323
104 377
216 470
241 325
67 433
41 346
160 196
144 244
325 415
154 292
257 472
77 317
76 280
146 258
115 161
390 478
44 357
40 114
8 339
21 456
373 443
95 161
330 493
351 438
15 291
290 305
85 484
348 390
57 377
125 302
350 392
28 62
21 360
171 219
278 289
145 263
139 274
13 260
60 195
123 243
197 340
72 169
204 323
87 177
54 465
80 193
320 369
196 324
20 183
58 403
66 267
211 240
184 313
54 90
64 452
258 331
170 453
235 380
15 93
414 443
324 434
263 354
233 403
463 495
411 420
35 382
48 112
69 364
25 271
131 194
163 500
329 476
268 364
151 202
252 359
101 450
156 239
112 446
89 319
45 190
3 265
464 470
68 434
29 268
78 177
35 124
385 426
83 443
33 79
48 257
181 307
353 388
66 154
38 484
296 429
145 204
105 115
168 218
152 172
99 447
256 477
141 243
167 415
129 397
156 270
379 418
44 112
247 333
309 452
26 140
100 392
171 430
127 429
10 469
23 80
251 396
182 212
179 227
28 88
111 134
48 350
169 430
211 218
92 484
167 369
116 379
369 404
261 497
197 438
312 430
102 135
132 232
196 422
413 437
53 330
5 247
13 364
191 301
168 242
43 103
345 378
349 385
98 334
182 227
37 205
46 171
97 356
88 129
179 181
233 390
103 181
341 377
186 314
218 366
163 345
109 462
405 498
342 393
27 56
2 33
228 402
343 353
12 129
153 278
304 451
49 407
119 212
124 336
107 171
82 222
233 462
173 204
165 409
85 257
266 497
140 427
295 406
166 233
212 318
87 389
441 453
164 416
312 479
263 384
86 91
82 206
162 165
176 373
149 455
383 490
161 494
158 429
266 419
302 424
24 38
112 368
86 432
51 94
120 331
48 83
88 313
139 423
370 405
66 224
93 175
172 284
109 358
62 334
44 395
112 272
29 392
255 500
220 346
394 468
143 392
94 322
40 124
253 400
298 352
168 453
89 355
9 255
102 480
108 169
405 493
47 210
186 325
276 283
216 491
14 350
3 16
79 469
198 360
4 378
123 222
173 252
48 170
264 423
12 254
103 379
31 205
249 439
44 213
395 397
27 235
26 220
402 453
271 284
189 264
413 451
130 262
102 236
77 131
38 138
237 366
163 239
83 159
17 219
99 124
139 291
76 144
194 265
114 284
93 272
293 415
303 397
126 425
7 419
195 202
264 330
442 475
156 235
8 94
130 343
89 173
2 322
200 209
16 283
158 464
19 167
127 324
344 352
458 462
155 307
142 385
29 228
106 311
7 154
172 318
496 497
116 191
15 146
309 363
6 454
281 382
249 252
260 401
398 466
81 289
104 306
121 266
353 420
97 294
208 391
101 469
426 483
72 182
328 390
243 298
23 198
2 421
403 498
127 162
278 369
67 379
294 462
195 357
214 320
129 403
127 183
56 207
196 295
17 178
255 442
261 383
390 434
70 222
20 442
164 430
264 322
365 378
96 182
274 448
43 400
383 406
14 271
210 428
323 440
320 453
169 411
314 437
54 91
437 484
63 334
98 137
250 368
416 445
275 290
259 412
311 459
52 312
214 304
159 301
91 280
224 430
311 476
387 421
267 493
39 498
290 395
339 369
70 85
377 491
55 241
411 497
146 323
405 485
74 236
227 400
444 480
19 490
344 407
281 330
55 472
171 378
78 167
135 195
127 300
331 385
35 408
161 437
4 77
99 412
46 235
157 188
28 123
231 371
33 164
446 481
208 384
279 379
50 129
31 293
435 461
284 463
196 384
392 467
158 377
260 495
245 336
115 354
265 483
194 435
81 159
270 377
391 454
248 496
31 152
153 171
13 39
106 234
106 278
269 438
159 248
65 459
1 430
44 190
23 58
166 335
51 426
5 444
344 398
238 328
239 332
261 415
143 460
185 282
135 464
49 98
6 116
208 215
340 388
74 231
123 347
134 210
1 418
31 433
28 80
297 312
315 388
175 326
323 372
292 298
218 350
323 356
112 398
190 336
204 245
216 318
202 446
89 184
44 166
30 103
138 397
325 416
175 354
145 284
193 410
113 488
36 247
423 498
254 444
84 238
268 494
277 280
323 457
359 384
21 121
145 220
233 271
114 422
253 407
247 427
275 387
170 467
85 336
60 435
365 379
58 65
226 403
76 283
53 168
67 366
37 464
27 246
127 310
157 470
300 429
433 441
184 256
272 470
396 427
404 491
216 478
23 269
262 269
105 450
254 280
12 226
111 306
76 433
105 464
80 485
272 337
96 303
188 199
132 312
67 117
275 304
44 309
152 251
56 120
230 341
195 275
155 306
311 445
121 251
122 325
264 437
68 140
254 272
276 458
88 118
374 400
66 332
49 319
95 152
96 170
10 490
50 55
70 132
72 347
159 192
250 330
31 71
174 437
340 472
18 224
209 312
171 294
21 477
173 304
181 438
123 303
221 436
352 446
115 444
87 428
473 480
395 482
260 359
47 356
153 249
297 325
77 250
171 492
218 338
200 371
294 330
205 206
320 463
20 131
399 424
230 483
110 377
226 347
108 414
268 456
373 386
18 110
362 363
63 341
172 259
384 453
136 323
1 121
180 403
143 339
96 242
369 402
52 215
93 154
39 163
373 467
314 358
125 160
300 439
71 178
143 293
111 354
192 499
14 239
24 350
30 281
67 383
369 392
10 362
86 395
235 372
296 472
307 425
78 277
125 255
268 329
132 388
271 462
92 178
31 374
89 208
348 376
26 438
126 164
94 254
66 484
223 248
93 156
12 176
14 338
177 340
219 312
108 419
93 108
287 401
262 349
136 290
186 382
152 182
98 124
259 380
427 478
19 485
161 471
117 189
13 432
184 239
276 303
129 333
75 216
16 42
3 396
186 438
29 295
71 196
226 374
312 498
260 271
107 484
223 438
193 254
6 180
13 177
156 165
200 330
210 465
301 486
25 223
131 236
478 482
125 332
158 254
17 207
275 404
27 176
411 460
52 217
316 431
180 312
101 429
8 321
61 96
121 400
51 326
15 23
286 445
64 411
273 315
142 471
73 99
100 320
44 89
26 276
146 412
95 167
260 415
144 281
334 406
163 172
255 484
4 252
263 343
27 295
106 172
298 375
181 385
88 495
30 94
163 200
17 323
167 439
116 422
239 347
7 325
197 436
39 253
85 353
121 440
62 251
3 492
310 414
186 464
398 423
91 450
320 413
149 377
17 191
99 119
210 480
55 143
346 369
179 300
80 419
256 490
45 401
180 259
262 294
59 372
95 352
227 259
181 423
26 255
25 222
20 396
121 397
345 354
23 346
163 447
51 417
70 333
180 386
270 480
275 474
410 491
1 486
279 314
25 415
78 233
424 425
150 254
316 386
4 447
175 482
53 219
111 270
112 312
5 236
130 427
224 226
6 20
160 494
137 351
93 133
326 340
75 84
170 457
11 354
145 460
58 470
97 456
324 439
12 82
305 354
146 193
429 482
153 414
38 428
52 323
168 291
233 250
4 195
251 308
51 244
173 342
84 102
297 298
192 196
90 464
211 258
247 469
176 213
276 342
449 482
182 288
141 142
264 500
73 376
225 282
438 439
225 433
83 264
125 447
386 387
103 407
178 243
15 80
245 441
105 476
46 431
253 345
285 348
306 407
440 464
68 370
140 446
244 488
7 478
309 436
201 315
72 279
351 404
174 226
46 201
448 459
246 324
30 349
145 318
157 336
176 466
85 179
94 173
315 437
31 461
167 394
10 405
316 486
164 419
140 423
221 463
158 387
46 96
174 486
158 364
220 401
5 358
87 471
72 330
224 432
387 429
161 476
70 329
9 241
123 264
194 364
198 222
264 382
81 307
80 98
6 313
23 25
190 335
123 154
71 210
179 303
204 391
34 112
37 43
37 335
68 188
142 384
107 175
189 403
95 438
117 299
359 437
133 412
144 218
64 226
72 140
234 331
42 375
111 310
194 452
157 434
23 337
97 211
216 380
102 381
13 159
169 353
301 352
74 292
229 399
424 434
59 327
186 222
232 233
79 199
137 474
143 487
104 201
278 498
123 415
165 212
36 219
182 367
129 176
16 101
107 160
145 456
483 493
30 32
6 151
80 105
158 344
256 461
193 466
43 64
117 205
61 443
75 412
200 347
5 328
47 478
239 354
74 434
162 186
37 248
200 449
101 369
221 353
399 500
203 240
169 190
271 364
145 146
105 459
114 357
323 388
399 481
12 288
16 134
141 352
341 437
225 256
6 79
253 383
168 435
125 237
140 277
200 234
291 308
227 297
8 305
335 491
35 52
19 428
137 278
19 327
114 135
446 482
182 262
218 371
125 154
38 494
196 261
235 292
13 66
178 183
157 481
260 262
208 455
229 481
132 357
1 5
16 226
141 395
249 320
151 398
428 429
276 339
139 346
84 462
107 338
126 303
287 342
13 106
43 218
210 380
307 372
144 153
92 310
270 423
38 103
211 487
22 298
98 371
195 291
82 396
333 420
333 488
135 494
230 426
148 157
363 434
108 377
318 428
73 268
124 311
400 420
230 312
198 433
125 213
35 116
178 491
45 109
133 158
192 370
281 468
11 180
90 278
413 485
440 441
148 262
100 156
250 254
95 249
124 209
15 417
102 282
261 477
108 137
102 375
114 409
92 372
35 41
103 497
114 224
214 299
357 445
142 304
169 318
174 298
2 81
143 359
171 246
168 270
143 238
83 277
6 449
109 195
56 126
125 139
166 413
55 208
246 440
63 406
134 168
324 380
132 147
3 329
178 469
13 119
246 284
136 284
111 322
182 283
21 120
38 383
304 338
225 339
44 456
28 399
260 309
283 328
108 140
188 354
14 460
71 430
31 213
279 330
59 182
57 223
306 387
193 281
203 360
40 113
266 467
357 470
2 273
169 303
21 54
256 308
165 266
345 386
43 399
95 207
6 399
57 106
346 362
12 460
295 455
33 479
163 269
68 302
65 107
162 390
182 259
265 429
120 281
303 380
15 270
257 315
279 362
99 393
38 110
319 493
255 493
32 193
224 495
163 235
87 393
252 456
53 419
322 387
23 152
114 264
161 288
326 498
221 298
362 461
317 490
266 471
162 342
100 458
319 402
126 238
88 460
88 310
195 370
357 414
14 356
186 260
175 204
131 283
56 225
52 188
45 286
6 228
367 429
35 57
397 426
2 389
323 330
128 305
10 475
196 397
195 363
63 64
336 369
132 374
110 417
230 283
32 481
93 226
82 313
149 291
363 466
123 253
64 307
99 365
446 470
136 422
73 237
120 125
31 429
341 399
79 115
87 287
84 464
158 369
129 363
75 340
258 492
81 220
430 458
15 272
380 401
10 77
19 81
161 176
118 347
217 232
66 79
58 129
167 438
144 325
218 455
400 470
81 397
161 261
163 295
390 452
238 466
211 261
136 162
235 349
19 332
286 390
195 384
181 401
87 321
146 254
261 265
219 309
275 484
142 146
148 428
406 464
66 339
301 419
6 124
22 208
99 325
91 196
54 289
54 271
219 249
192 384
87 458
11 34
109 377
15 114
201 463
321 455
283 374
238 296
42 179
319 329
459 462
270 456
456 500
158 190
317 403
33 84
70 384
370 495
379 390
43 158
290 397
172 274
51 423
333 430
4 429
60 254
94 325
182 476
225 419
212 216
37 181
45 315
400 426
26 431
382 408
110 321
29 249
168 494
197 344
144 440
343 417
83 377
91 384
396 419
183 241
146 220
120 188
237 332
101 355
397 444
231 282
104 356
488 497
20 269
214 348
272 396
250 293
398 429
194 374
289 470
26 56
333 481
76 424
19 230
249 490
205 240
304 476
211 227
180 408
34 385
285 395
200 307
251 293
473 490
309 321
199 242
87 249
4 199
300 317
273 442
81 314
144 227
200 391
36 284
23 259
71 322
387 402
97 280
205 217
11 206
155 160
136 152
41 154
7 338
136 372
13 322
8 201
144 297
59 224
64 145
29 377
363 393
18 23
75 306
157 417
46 77
112 264
274 397
160 224
145 262
80 465
217 494
3 142
208 459
251 474
370 407
434 497
253 267
155 329
239 251
54 329
64 147
45 167
134 169
35 328
133 296
117 444
255 416
155 450
100 235
52 93
66 69
329 472
124 245
360 418
39 266
40 439
166 419
44 285
266 322
154 365
64 386
33 226
173 487
138 327
219 429
95 351
153 220
115 182
137 376
228 246
47 481
262 499
204 317
112 456
199 227
84 288
41 119
213 482
286 444
149 259
392 432
357 447
51 442
8 383
286 452
259 437
37 157
46 337
50 346
116 170
73 271
291 455
57 158
42 328
214 241
4 116
259 354
52 441
369 393
250 372
208 434
283 487
268 393
299 358
243 262
30 428
20 332
146 278
137 330
333 490
17 72
58 349
173 194
137 435
40 423
309 334
252 458
85 333
4 264
208 247
62 381
244 464
104 188
488 496
28 234
161 170
37 394
53 488
116 326
26 474
448 495
55 448
162 479
46 229
197 286
254 415
177 298
251 260
145 156
197 275
103 494
319 449
197 306
105 382
164 217
247 391
162 270
61 325
149 159
398 453
287 341
287 433
377 500
38 229
154 293
51 83
91 124
30 257
91 464
305 414
77 332
174 190
86 481
132 368
103 428
73 460
341 372
7 327
240 277
271 331
80 411
2 458
277 410
4 229
28 455
380 397
293 448
194 297
260 400
95 358
30 427
68 285
164 201
63 123
293 312
179 301
24 452
168 255
111 380
386 436
279 351
195 403
237 296
72 118
139 446
20 466
47 253
45 112
140 331
8 433
102 447
276 459
126 418
179 214
117 392
24 252
62 190
247 488
153 195
313 393
312 492
135 278
182 412
352 469
21 103
207 364
2 253
13 160
236 373
157 186
66 284
28 380
314 456
104 495
216 483
296 373
136 407
43 374
73 252
237 469
282 299
47 68
389 410
5 280
378 458
297 358
223 399
182 298
174 474
28 179
219 471
227 280
208 351
33 206
298 406
32 280
317 343
452 492
38 367
73 307
118 370
255 346
272 443
214 219
182 222
44 471
67 363
244 328
67 116
253 294
179 345
418 488
126 363
110 155
105 282
42 354
118 442
234 371
147 411
43 237
21 53
240 278
180 191
141 405
49 142
9 442
203 498
166 263
91 287
222 445
110 158
34 93
415 497
64 497
49 226
236 255
286 402
329 350
252 307
164 489
60 366
278 438
47 123
325 430
402 464
68 82
54 228
88 339
266 406
47 135
90 354
130 194
55 312
69 249
376 452
47 445
438 487
332 367
225 257
109 122
314 318
269 286
360 458
131 489
251 315
46 255
41 374
352 437
363 378
193 277
286 344
423 444
44 312
386 475
423 476
359 405
254 360
38 329
234 413
11 345
185 288
367 459
168 357
344 440
181 226
475 491
106 305
251 312
52 319
74 233
24 396
180 213
31 261
162 456
192 373
417 449
76 284
334 436
256 336
17 81
60 160
217 283
64 218
27 89
116 235
256 424
382 389
166 213
17 392
207 451
81 136
253 421
307 311
107 494
1 199
1 330
99 101
462 492
115 340
223 284
266 392
30 97
57 347
43 126
54 108
298 369
293 376
54 361
3 212
114 451
262 335
214 434
3 64
161 262
152 304
84 474
203 321
102 141
7 200
61 63
235 435
27 468
117 317
117 389
171 352
309 365
305 362
181 271
27 43
111 133
26 229
201 250
285 488
328 468
163 490
17 235
35 327
137 153
171 206
309 402
139 201
47 454
168 266
199 498
111 373
81 320
112 474
22 154
154 491
166 372
189 342
176 299
422 462
316 457
304 366
38 316
175 423
97 341
222 332
236 360
252 331
438 493
228 479
349 500
25 460
56 451
211 250
142 282
70 473
1 91
16 126
399 466
151 353
5 85
35 165
32 107
23 148
172 462
117 203
67 498
64 422
77 107
329 427
249 451
33 497
56 128
177 251
170 309
322 466
447 466
152 411
203 340
64 160
428 468
268 304
293 472
81 338
403 426
336 470
239 476
100 395
195 457
142 206
19 366
51 168
360 362
115 318
92 292
85 345
320 498
172 246
121 430
194 273
414 427
84 451
328 489
74 366
184 251
100 463
153 274
252 426
78 218
379 499
223 340
195 307
34 134
74 431
111 333
57 254
211 330
190 357
335 430
58 217
447 472
279 485
54 351
276 279
209 485
224 253
52 428
44 472
81 214
314 323
254 399
5 116
130 159
58 456
295 428
33 240
103 125
226 266
138 401
160 244
196 445
264 454
60 263
96 440
264 281
345 387
242 466
73 449
26 215
15 262
193 238
26 283
99 430
20 361
205 464
225 299
18 311
255 410
125 244
353 484
40 146
146 186
59 402
129 452
33 117
188 238
45 159
455 475
118 222
89 352
317 330
92 348
50 226
310 478
80 281
66 248
293 416
224 247
240 410
208 382
136 479
261 366
5 153
421 495
256 479
32 119
7 126
252 253
70 183
294 433
322 349
32 243
45 440
9 184
140 151
146 332
90 414
348 484
135 413
254 262
103 208
290 464
68 169
30 464
82 134
75 387
9 24
46 428
193 425
104 429
448 456
302 493
365 400
224 225
77 239
406 413
228 249
205 357
181 430
239 339
200 374
177 399
34 81
285 500
158 212
163 189
172 324
245 296
278 459
17 26
165 320
59 69
331 418
61 453
18 54
309 353
173 367
178 221
2 251
122 447
163 446
96 352
68 119
34 102
355 487
231 233
213 313
305 394
100 259
158 341
42 348
122 439
34 231
269 321
67 182
231 439
43 101
124 301
187 289
320 337
148 174
440 500
209 450
254 270
357 381
90 99
130 444
205 459
123 417
191 412
224 355
111 457
21 33
63 161
165 342
28 87
219 366
333 433
92 349
78 223
106 486
198 458
222 465
91 223
349 424
54 280
40 478
20 173
100 211
353 435
120 271
129 357
332 381
100 355
13 59
191 441
241 474
375 397
62 285
196 499
115 343
45 132
140 282
91 97
84 312
292 293
140 434
50 463
300 481
168 365
58 122
182 301
199 442
273 282
109 361
95 179
144 163
186 393
257 361
150 464
29 49
160 270
32 118
60 211
274 371
2 47
75 360
313 391
186 207
303 351
7 494
37 81
125 138
89 377
295 447
23 399
167 349
142 330
367 376
19 161
290 433
205 293
266 331
392 395
159 490
114 255
342 422
13 350
112 484
227 346
62 221
50 418
296 317
84 377
33 149
181 221
65 412
128 486
241 275
34 492
2 492
201 346
182 252
322 416
25 111
16 299
2 202
257 467
32 120
435 481
74 358
172 250
181 244
157 479
154 488
65 236
22 475
109 321
79 174
189 442
274 315
12 478
153 313
14 71
38 337
143 200
52 230
124 422
200 392
224 315
160 274
67 77
169 418
312 388
430 489
34 138
33 71
176 234
271 357
457 493
22 500
99 189
53 172
310 324
246 467
74 120
23 236
120 357
265 497
266 300
102 311
348 429
170 326
390 450
312 416
250 467
137 282
3 163
221 425
91 284
218 250
111 254
45 366
272 352
322 361
129 259
61 126
253 335
64 111
154 401
49 146
156 277
407 454
287 428
246 460
381 414
68 431
60 416
398 479
334 351
2 21
49 385
168 480
155 232
102 214
299 499
260 447
35 215
177 469
166 423
35 134
18 93
86 415
176 485
182 366
173 394
26 453
126 235
180 205
147 494
220 237
7 458
175 213
128 164
27 236
301 403
56 458
296 498
102 386
54 197
98 110
40 129
150 176
53 207
37 137
335 423
327 435
17 127
118 487
72 394
38 498
23 455
284 412
94 110
56 186
118 361
211 375
76 295
41 113
188 484
114 439
118 300
28 174
290 478
71 112
336 426
71 489
190 326
166 373
245 276
203 215
53 379
59 343
243 495
73 96
316 482
459 498
6 414
72 90
384 410
80 400
13 244
259 402
21 89
217 293
9 25
282 361
235 473
5 363
343 439
223 293
15 377
159 255
395 465
159 418
67 304
109 190
399 401
46 185
112 209
234 321
2 110
99 382
121 360
380 391
61 158
351 491
16 274
209 431
34 498
20 449
144 187
161 422
188 473
401 474
130 225
44 382
106 463
417 430
51 349
156 291
18 411
23 84
37 356
131 320
22 81
118 274
14 423
73 293
270 434
59 242
119 310
223 404
59 125
180 469
397 406
185 199
214 417
136 475
133 316
352 416
415 487
96 233
31 446
213 376
55 384
217 253
116 463
179 487
157 441
94 416
57 455
59 184
40 211
107 389
444 487
428 437
157 316
415 489
195 334
207 307
356 464
142 480
171 300
145 461
403 450
229 433
229 406
271 440
77 467
149 209
11 178
13 479
293 343
67 350
32 446
347 382
123 273
130 331
334 368
31 180
174 335
358 478
158 188
433 493
75 76
11 62
22 465
52 164
309 342
55 60
76 81
322 460
9 408
179 190
409 411
247 398
295 328
139 415
31 269
257 333
240 395
131 386
136 255
2 234
363 485
30 57
166 434
42 147
211 345
32 156
151 419
104 243
445 466
318 486
14 184
171 318
449 455
121 427
106 171
225 377
11 56
259 444
146 378
22 301
71 456
121 449
154 264
247 462
82 319
27 426
78 409
108 329
278 419
189 311
33 455
475 482
76 474
174 183
365 384
58 259
253 438
190 278
78 414
183 481
248 309
15 389
44 125
70 162
172 343
95 105
371 439
129 414
55 381
177 489
264 395
67 437
227 387
238 396
429 455
401 441
402 421
357 379
180 314
9 249
216 493
92 295
224 375
113 277
302 453
322 351
412 469
239 326
174 211
126 403
151 384
174 199
135 474
224 426
358 415
206 280
165 408
396 415
375 462
216 245
171 193
236 493
237 339
317 410
15 253
170 415
69 480
70 197
17 216
271 383
16 246
66 131
211 357
79 329
239 445
367 400
124 437
7 99
47 374
356 390
126 411
135 339
193 495
166 295
26 288
33 108
184 356
221 465
293 482
16 180
338 418
149 434
222 410
227 471
276 441
21 331
44 460
143 473
198 361
121 350
212 447
88 244
150 385
405 431
106 191
10 248
190 256
79 428
446 451
331 401
146 298
282 392
206 476
432 456
149 189
173 207
333 380
9 434
454 477
219 344
172 194
218 276
95 480
150 231
23 389
214 300
103 338
124 275
162 442
247 334
454 483
21 64
281 462
9 150
41 315
206 305
303 489
55 402
32 78
14 139
385 454
375 484
26 188
21 457
352 434
117 265
115 267
50 296
222 305
97 259
28 97
251 434
371 377
23 31
201 450
61 159
316 394
25 89
171 259
36 289
109 291
124 406
158 248
57 184
29 413
8 446
15 313
68 330
327 450
124 267
72 424
178 356
250 329
208 373
143 380
159 226
201 220
98 190
96 420
488 499
73 417
425 483
39 193
132 169
309 411
158 171
114 136
35 418
128 314
4 162
141 218
232 370
118 388
190 206
26 244
78 352
158 324
67 122
9 97
59 495
53 160
144 288
77 329
204 256
2 227
215 481
201 249
97 302
19 368
199 274
240 450
250 339
80 389
163 252
216 283
215 301
274 367
139 194
29 126
14 283
169 177
182 440
11 179
295 489
277 359
280 357
141 415
105 250
41 252
133 458
180 387
158 358
64 93
281 497
30 101
250 336
38 219
28 78
189 214
425 489
302 313
202 346
141 179
5 321
88 395
168 201
75 220
267 330
407 450
63 188
312 440
180 202
78 437
269 274
168 212
5 210
272 282
224 462
327 342
17 468
110 452
56 75
101 364
294 488
98 394
174 278
132 391
50 57
55 450
346 447
9 260
162 466
159 172
46 156
407 446
324 335
350 366
180 393
241 467
247 325
451 494
147 359
1 308
23 307
76 198
281 352
410 442
91 309
268 383
277 486
69 159
38 188
3 24
78 121
56 136
172 441
115 342
92 153
12 340
295 399
53 367
31 295
97 344
71 327
382 448
40 345
2 324
147 436
23 463
340 387
55 332
238 448
92 218
127 266
109 180
28 120
35 142
97 243
143 363
10 196
168 465
268 371
213 293
233 467
86 285
271 355
326 477
70 427
10 259
393 443
176 488
205 371
99 235
262 383
113 455
224 423
56 321
268 300
77 209
207 483
72 296
28 240
128 192
28 324
316 430
73 75
274 442
280 461
73 76
53 59
87 397
85 393
149 222
103 386
80 343
222 327
57 354
7 270
9 385
249 481
68 356
103 251
408 494
169 408
115 185
95 245
81 352
147 297
144 156
349 420
14 248
65 442
252 443
74 388
146 356
13 295
3 92
155 272
172 208
184 500
245 484
152 321
213 452
100 387
189 304
278 358
35 118
107 320
95 214
390 485
352 486
84 344
57 372
248 487
109 258
214 364
441 448
114 119
333 372
11 392
127 264
13 471
64 98
291 388
272 488
209 211
207 294
329 490
369 414
284 488
285 389
6 369
281 340
409 483
24 394
62 132
344 418
211 459
133 449
66 394
1 120
134 489
9 133
145 447
51 302
216 431
277 336
133 443
208 344
5 438
102 362
349 389
161 342
15 366
325 433
137 270
22 207
46 54
264 302
115 372
293 429
58 304
158 313
91 344
22 314
294 449
305 460
66 401
443 487
74 173
248 381
148 324
194 361
289 319
91 365
408 445
12 459
50 201
84 321
10 315
312 327
25 53
231 340
49 111
375 411
24 354
42 65
194 427
160 444
70 465
124 282
389 478
282 345
306 316
223 330
8 90
78 98
49 406
286 470
220 253
305 341
440 454
270 494
10 215
343 365
293 361
79 455
125 233
344 491
142 169
60 441
25 304
13 72
85 474
188 468
233 480
62 159
64 286
6 309
245 471
133 179
36 307
20 115
29 45
115 361
41 76
227 500
13 332
174 491
67 358
144 314
216 477
178 294
88 253
165 302
301 488
258 427
92 183
127 174
168 493
33 393
4 294
6 393
250 391
85 297
5 306
31 104
174 398
248 450
226 340
125 132
74 328
317 369
24 214
90 126
261 301
91 348
88 426
417 462
140 340
76 324
22 485
27 350
149 322
325 446
174 388
128 240
214 476
86 174
385 473
156 362
250 442
134 287
5 54
18 237
13 127
130 463
182 263
100 465
69 168
311 433
64 333
147 306
38 75
71 162
16 481
123 250
358 404
18 287
82 381
287 340
99 152
115 475
213 492
84 487
11 401
3 168
70 475
18 374
102 160
81 270
32 299
52 291
21 375
8 375
114 250
396 474
166 401
48 265
142 429
318 351
67 465
110 220
104 417
149 500
267 323
17 175
150 461
110 247
405 479
43 437
62 214
229 390
26 465
132 450
55 427
62 197
151 317
133 371
230 342
254 478
322 464
97 236
94 294
113 390
61 67
125 174
61 435
13 182
297 480
267 422
170 188
207 283
20 186
182 201
124 477
69 315
112 326
88 231
293 427
427 486
414 429
260 335
9 324
239 331
77 496
79 91
220 231
28 74
91 455
251 468
196 202
13 301
65 184
166 463
233 331
114 361
101 466
147 223
86 208
221 482
56 498
29 200
226 323
61 212
248 482
232 421
25 412
185 379
206 380
14 431
270 349
288 491
469 474
260 394
70 92
420 423
365 441
5 158
157 306
171 319
43 93
382 457
100 328
211 468
342 468
138 193
37 297
332 417
328 400
99 266
18 87
193 379
253 288
149 428
272 408
84 423
53 317
168 440
234 247
375 413
131 387
86 105
257 441
159 438
12 99
32 452
133 265
98 241
32 436
290 375
377 408
358 369
145 424
327 332
316 330
428 461
56 430
276 375
186 488
30 195
100 468
12 305
10 416
276 408
57 159
125 256
355 384
105 348
380 474
357 371
122 399
175 440
144 390
98 149
133 367
130 476
237 251
356 378
135 380
259 477
38 204
170 376
56 390
299 484
219 222
77 489
54 146
200 468
289 443
403 473
138 333
333 357
259 370
88 179
151 279
83 452
149 445
241 262
128 441
392 478
6 92
147 450
156 243
125 325
71 119
68 454
251 259
290 355
109 454
44 261
77 450
100 194
249 389
113 178
283 314
179 480
34 157
136 144
84 218
280 398
5 354
92 232
425 471
443 474
26 149
36 398
275 395
454 486
81 241
159 179
7 296
47 156
103 429
112 247
127 290
92 352
311 449
403 430
110 423
72 476
110 360
87 496
174 302
363 468
331 375
12 355
31 373
378 408
151 203
38 68
285 384
29 325
221 500
356 430
141 446
250 270
27 405
394 469
115 360
285 492
36 440
351 495
57 384
119 241
184 464
4 244
248 302
168 424
45 77
139 214
59 80
41 250
89 148
153 358
317 337
93 418
260 343
424 447
103 191
401 419
20 99
190 429
209 240
168 244
7 421
42 50
261 499
85 365
30 386
163 168
137 343
62 483
67 84
223 425
219 400
227 395
194 487
166 429
44 489
278 431
316 432
228 341
57 344
146 442
149 337
68 420
130 133
161 199
322 480
63 438
57 439
236 431
248 387
196 471
186 400
250 332
24 399
77 325
208 254
234 355
9 112
32 284
10 71
65 489
314 439
155 375
388 400
227 309
131 365
14 386
112 500
159 479
30 424
253 298
52 482
221 312
102 205
103 438
229 338
326 460
9 91
62 78
113 251
89 416
276 366
206 230
320 341
266 404
7 306
271 295
239 362
230 362
441 479
238 438
155 249
276 442
174 471
126 430
289 480
145 151
144 202
114 214
58 232
139 454
105 107
125 416
330 425
358 386
248 257
22 406
449 453
28 320
125 306
205 470
83 396
49 337
59 448
147 378
418 434
168 395
42 295
129 410
195 405
155 398
48 392
29 76
311 458
416 425
69 310
180 417
102 384
79 112
156 423
26 47
192 459
19 154
182 370
127 343
94 304
189 493
124 165
374 486
261 438
51 395
274 310
216 248
110 156
258 463
39 347
325 452
177 259
160 169
412 440
265 289
376 419
153 175
463 497
389 480
172 307
34 109
325 495
72 102
96 460
41 106
211 350
116 331
268 498
137 459
45 369
379 477
56 231
123 385
100 433
79 80
252 354
184 423
152 184
139 209
133 390
230 469
196 425
295 413
210 261
36 488
356 450
329 384
5 475
100 129
12 29
397 452
104 385
22 92
48 451
194 221
257 395
14 393
377 463
342 425
336 436
160 446
224 456
38 326
64 166
11 464
244 360
412 456
253 467
318 395
104 330
69 383
447 469
31 450
269 404
226 476
297 330
74 318
72 164
70 168
64 129
140 194
292 424
8 35
141 305
182 373
88 499
433 446
150 339
180 369
346 404
282 373
81 236
168 268
37 431
353 376
281 414
106 483
307 467
311 440
75 79
100 443
2 115
179 456
450 454
207 357
106 224
392 463
53 356
10 323
363 481
425 427
308 383
359 441
72 437
350 466
123 464
148 193
316 447
39 259
159 398
90 473
42 315
256 257
86 445
101 288
182 250
247 393
44 211
362 496
44 101
237 406
287 470
96 190
273 349
89 278
150 300
188 274
178 338
82 226
210 402
280 340
35 250
141 414
31 251
211 245
291 489
55 83
118 379
283 329
108 373
294 427
264 416
222 473
95 205
256 296
7 108
83 285
178 239
41 157
283 481
38 299
58 473
62 275
276 470
204 309
238 461
214 484
415 424
407 484
233 451
243 260
133 270
134 188
104 398
374 478
82 410
201 284
169 188
26 79
236 476
154 298
59 304
227 490
30 431
40 367
189 482
267 412
120 170
28 349
131 190
201 364
191 403
344 442
62 401
1 97
220 372
78 457
141 204
55 321
65 343
37 366
252 280
55 494
243 398
14 40
323 469
330 332
201 264
108 471
128 162
69 172
379 422
212 346
105 340
73 343
165 197
41 497
42 61
165 434
322 350
27 278
251 337
161 336
135 411
25 469
62 452
25 485
166 282
176 434
211 485
203 236
114 468
232 310
64 353
136 227
264 380
38 276
319 358
87 405
377 443
326 414
34 454
102 161
114 247
39 373
238 493
26 55
120 196
208 491
332 356
285 287
155 197
342 435
189 247
348 463
318 402
185 334
80 136
26 63
397 463
38 127
225 351
176 348
80 310
124 433
250 370
325 392
152 258
240 391
154 384
99 462
126 150
52 86
431 442
67 105
275 390
5 350
14 330
119 121
128 294
124 288
79 277
106 212
92 322
311 374
92 337
64 446
276 380
399 445
166 319
121 157
197 209
182 466
48 381
64 484
112 472
94 176
24 357
253 431
420 476
302 477
176 446
173 430
78 396
117 413
195 345
238 391
343 370
145 147
128 303
114 393
209 327
246 297
167 367
204 303
220 431
145 257
286 460
445 453
52 97
9 487
34 236
219 363
78 246
441 469
105 279
153 281
43 199
262 457
222 472
278 402
12 457
349 490
429 464
267 392
129 173
156 462
331 481
337 349
10 384
278 371
281 451
106 308
178 421
29 152
52 333
350 403
143 403
421 485
342 430
256 339
188 296
18 465
123 459
81 472
118 412
2 254
187 204
217 455
218 309
31 76
80 135
139 196
286 336
4 50
443 498
67 378
316 424
170 436
223 441
237 318
274 373
3 58
300 438
137 327
278 299
219 305
324 377
251 380
22 153
233 448
425 433
371 431
83 165
161 496
92 397
49 493
146 202
162 313
1 338
109 327
57 318
388 462
265 366
348 383
262 447
359 450
289 427
38 121
178 359
153 265
446 483
56 261
103 216
351 396
57 81
63 164
33 141
214 222
79 419
93 336
71 94
110 481
205 331
273 396
111 387
16 399
100 258
100 107
409 468
415 419
122 358
182 353
71 145
417 439
284 492
32 311
23 411
151 467
253 475
396 467
226 466
22 197
135 179
103 240
246 466
333 405
182 285
317 331
211 385
106 485
168 377
319 343
248 272
35 289
2 155
126 414
37 311
283 448
107 242
310 395
174 322
353 442
100 334
53 99
128 260
231 479
21 350
45 49
280 488
104 156
197 388
54 189
32 190
27 457
92 320
417 446
279 410
284 350
146 184
397 470
177 285
245 409
43 363
148 176
68 355
33 91
54 74
67 469
157 226
165 404
305 316
310 353
302 372
280 431
136 395
343 390
104 251
111 178
94 372
14 112
296 360
162 182
204 412
288 366
248 296
240 344
261 346
20 286
179 422
104 476
25 115
82 85
287 435
61 90
326 500
237 467
434 485
134 315
45 285
253 457
23 141
25 52
42 479
151 483
31 124
74 496
120 152
51 370
273 341
137 224
9 161
216 289
184 281
40 203
304 343
88 247
385 416
155 254
16 462
187 393
146 379
143 336
138 147
24 355
7 487
122 200
79 334
260 417
107 448
100 359
441 489
36 382
318 495
94 342
85 247
45 300
16 330
124 294
191 207
146 484
443 455
248 474
357 402
138 407
65 88
121 129
44 239
69 402
101 236
125 205
462 479
30 315
320 496
88 437
97 162
308 343
196 229
148 298
114 203
198 414
292 318
182 239
70 118
49 361
223 413
208 357
281 474
151 233
254 467
147 373
47 286
164 435
136 333
14 388
128 195
286 324
138 349
115 143
119 248
210 391
37 316
291 431
388 403
122 276
70 239
304 447
71 304
75 331
95 224
135 438
188 439
70 164
293 348
45 419
89 132
245 321
332 339
211 408
145 314
69 222
310 413
143 437
1 39
155 421
18 92
27 167
390 492
376 480
72 212
213 284
81 402
110 332
12 63
32 410
108 473
52 108
164 347
257 393
86 233
360 413
236 253
70 416
209 226
51 446
292 450
101 154
394 431
266 375
11 112
354 408
478 491
316 443
39 71
54 242
467 492
60 123
221 332
51 102
6 96
178 417
225 234
345 445
118 426
43 153
394 493
44 135
136 239
66 450
203 390
262 413
238 346
12 393
43 405
404 448
147 429
184 257
238 257
237 426
419 486
410 498
36 225
196 496
59 281
220 264
264 361
160 426
82 126
448 457
132 187
46 49
8 189
175 317
205 439
312 431
52 473
311 482
189 349
164 498
285 312
25 247
29 352
52 500
146 357
80 157
61 119
365 386
289 496
36 499
60 400
190 424
389 439
209 358
204 378
102 473
170 477
146 344
57 288
97 396
11 476
42 314
79 236
44 353
114 202
104 239
272 384
389 419
20 417
75 190
227 479
354 469
21 367
381 499
234 320
57 136
101 444
55 293
306 448
300 397
13 118
71 212
214 252
157 355
51 406
206 328
4 271
120 275
131 158
29 430
88 226
219 377
173 259
25 171
128 332
27 29
105 375
48 474
108 118
156 408
32 279
215 328
28 450
40 68
65 454
226 428
82 328
108 334
146 249
29 83
4 233
199 205
200 437
15 203
238 497
215 240
24 35
410 470
419 441
13 325
126 180
89 95
22 483
46 188
8 317
327 452
227 384
149 314
252 292
23 306
17 140
118 193
33 50
468 496
258 316
39 466
98 460
134 156
80 466
124 495
187 363
3 288
281 456
41 399
9 226
76 325
50 299
277 409
344 454
384 395
21 371
351 366
321 433
59 341
169 201
232 273
120 490
455 461
366 402
35 304
35 87
212 324
63 106
279 380
307 411
31 411
282 355
455 462
161 202
344 444
53 208
61 285
310 452
72 220
3 347
30 328
143 371
207 395
6 485
182 472
58 354
199 477
7 423
276 389
63 434
256 447
468 497
59 194
40 467
28 483
21 372
116 384
302 413
220 263
219 397
109 271
64 370
35 424
217 449
234 310
173 247
71 403
63 474
202 316
455 489
275 416
87 467
151 170
179 248
128 150
251 478
237 288
9 154
227 291
180 296
6 232
182 245
193 308
4 55
408 460
196 479
47 489
21 403
191 413
246 477
65 400
145 331
53 289
31 36
367 454
67 73
146 252
163 404
3 471
105 241
56 459
351 442
150 467
344 469
117 431
50 108
33 279
229 358
76 253
23 190
153 342
103 423
149 191
30 236
226 350
46 446
30 392
219 239
306 393
25 439
170 375
100 415
179 196
212 302
158 246
239 290
217 309
362 448
166 376
32 292
405 476
213 451
235 420
118 160
286 484
49 421
86 365
119 480
63 176
194 401
83 488
35 404
84 281
167 328
283 499
101 270
151 451
421 454
10 193
149 429
1 235
153 217
351 374
117 475
2 58
142 332
401 495
349 469
44 373
308 404
350 413
24 48
149 180
57 150
85 155
100 250
10 482
117 478
97 199
252 461
18 470
228 322
275 370
347 388
116 372
178 318
145 225
176 407
100 265
80 500
137 396
249 442
106 161
225 498
31 336
172 304
318 322
451 473
102 453
198 312
43 51
58 82
67 481
32 344
55 154
52 495
233 264
207 223
222 368
84 375
196 465
36 424
130 317
324 397
340 385
39 392
28 208
241 458
382 488
169 374
97 105
282 409
60 320
123 451
251 360
380 467
158 270
258 368
228 349
180 267
143 434
176 430
247 381
405 495
249 313
109 314
48 282
78 183
147 269
84 196
2 257
282 416
199 448
76 129
110 344
90 387
361 462
115 369
204 452
313 462
183 249
111 302
90 410
198 457
323 375
5 49
437 482
14 132
146 266
36 125
126 492
18 211
112 436
88 274
172 173
156 305
459 483
84 152
298 425
184 385
210 330
8 261
79 389
50 446
128 365
6 195
160 487
223 407
18 363
14 500
149 418
57 222
95 141
29 435
140 410
160 357
97 188
83 129
60 498
61 442
23 136
45 196
301 360
107 416
107 112
302 352
293 339
173 326
331 498
92 244
140 252
445 485
64 242
208 461
116 340
7 283
398 435
134 295
249 463
131 134
340 481
277 429
296 302
199 356
138 415
94 433
97 470
189 230
10 32
40 236
232 492
282 330
25 339
93 342
16 229
213 221
253 373
108 287
186 241
98 448
85 157
193 236
96 112
270 381
128 403
371 410
303 451
287 446
38 247
132 356
404 497
149 255
236 418
152 460
347 465
340 358
167 297
23 116
43 171
102 268
44 468
126 441
188 304
424 436
108 243
177 348
30 75
301 437
113 441
21 450
138 172
347 399
303 467
87 240
26 295
2 270
161 263
254 455
380 492
293 474
50 480
166 281
70 248
279 299
215 401
375 433
43 105
103 189
162 395
75 451
324 339
460 479
334 357
74 209
174 232
64 469
207 396
315 414
61 320
407 430
181 209
426 465
370 479
177 316
35 329
220 490
104 213
277 428
276 429
208 238
25 39
145 441
85 326
227 412
203 369
287 344
398 465
239 289
225 307
204 263
186 323
129 375
7 288
91 428
240 465
18 283
135 434
332 413
70 113
65 91
100 238
215 433
172 345
182 254
173 465
152 367
12 184
125 280
93 433
172 297
80 426
254 264
393 457
80 363
397 408
169 459
202 372
251 309
13 442
115 213
367 462
456 463
73 365
232 484
14 160
329 425
210 473
404 461
359 462
216 396
213 250
404 408
71 74
140 459
96 121
66 68
71 303
403 453
396 450
89 292
283 461
46 453
21 412
420 479
85 125
168 176
134 159
251 346
64 451
444 469
3 348
203 329
171 462
259 463
166 232
214 406
152 290
110 373
99 301
390 495
22 401
100 495
238 386
99 222
150 426
149 204
193 240
265 428
260 467
39 179
5 52
267 324
87 296
274 493
35 365
274 300
204 299
23 135
176 246
385 499
11 90
195 272
144 250
162 320
182 185
39 106
224 407
9 139
39 135
57 205
18 466
110 201
80 126
3 56
93 448
12 325
128 144
116 314
217 390
329 372
42 125
33 468
82 263
165 230
94 135
134 393
61 358
36 74
106 142
172 494
186 301
188 190
119 384
22 221
210 499
53 206
297 486
189 233
60 203
442 462
19 132
46 289
67 217
248 397
272 310
67 134
235 270
63 96
26 459
457 466
25 265
130 409
185 370
44 53
50 272
27 268
69 185
183 493
174 356
73 110
272 344
245 446
221 421
12 197
137 329
83 393
76 499
202 239
219 488
255 427
159 162
33 107
59 104
98 434
156 275
58 223
344 436
294 311
212 301
191 367
82 160
277 288
153 448
391 459
77 119
451 453
185 235
76 341
248 356
133 474
92 387
