200 990
91 200
7 17
1 76
79 199
70 155
166 173
163 167
154 163
35 189
94 190
6 179
104 119
155 159
43 176
142 150
22 34
165 187
147 198
3 116
9 135
107 166
166 168
24 198
105 149
30 97
153 200
18 144
1 6
79 126
108 166
48 129
54 124
164 197
47 113
15 115
43 58
55 100
1 29
53 55
135 183
44 132
6 56
171 172
122 141
11 164
83 178
48 133
118 131
9 141
164 187
32 168
115 140
6 126
150 166
123 144
44 194
4 64
103 193
43 190
29 139
98 191
67 152
58 124
28 148
35 116
8 43
88 170
7 94
56 81
24 165
125 195
164 169
19 111
150 170
178 200
67 75
144 156
21 169
148 189
90 151
41 49
32 85
76 166
63 157
58 92
40 149
69 100
114 193
2 11
153 199
47 134
23 54
90 169
35 190
30 146
76 123
44 184
59 70
25 196
98 155
54 77
127 191
106 154
43 89
25 76
106 136
98 119
93 135
97 180
71 108
56 89
174 179
95 137
1 92
112 145
152 191
87 141
129 139
26 99
56 124
96 110
49 183
78 160
67 124
104 167
14 59
43 148
137 163
147 183
53 98
30 132
119 129
63 134
108 181
71 107
2 65
91 108
127 200
92 139
164 186
61 174
79 119
70 179
4 70
40 93
83 158
74 134
28 182
53 173
64 114
48 125
8 78
87 200
20 184
31 192
29 183
32 40
131 188
53 199
60 137
30 186
6 149
84 147
126 142
36 149
55 56
57 134
129 133
5 88
104 149
70 88
19 172
52 173
63 184
33 181
86 98
9 56
24 96
57 88
92 153
27 130
58 72
115 196
100 144
83 138
57 160
101 116
47 169
50 60
100 105
53 153
7 42
7 142
85 98
111 148
10 132
20 133
79 92
141 170
135 194
51 54
47 89
85 168
42 120
15 43
88 135
54 148
22 114
57 159
70 74
48 88
122 155
111 199
17 73
78 97
44 78
31 122
32 61
5 153
63 96
98 132
79 170
100 137
40 156
11 175
9 192
87 185
35 68
134 154
41 92
42 144
66 100
155 176
105 176
30 69
139 192
87 117
130 187
143 187
26 136
1 106
60 96
64 140
168 187
22 168
47 53
29 116
15 155
94 195
95 120
4 6
17 72
9 178
87 171
66 80
93 124
68 92
44 47
9 118
86 170
21 80
50 90
53 145
13 163
77 80
96 104
24 83
24 184
100 171
45 56
93 130
11 22
38 182
63 163
89 136
121 158
40 161
61 112
28 89
6 110
107 157
36 184
6 178
9 187
35 88
102 122
28 186
128 153
74 90
153 174
74 172
59 128
52 162
61 142
86 107
73 120
2 67
39 84
12 184
35 179
54 159
11 15
114 136
40 81
54 73
29 108
170 179
29 66
41 86
97 131
89 149
17 64
92 99
52 93
54 119
57 195
72 79
22 154
13 67
83 180
62 193
13 113
142 154
15 140
95 123
23 168
100 126
33 52
79 145
9 69
172 200
21 196
108 158
127 151
114 127
112 141
44 65
73 148
81 109
189 193
103 153
7 170
27 165
95 106
36 64
130 144
72 88
64 196
8 158
41 106
150 163
28 127
4 188
74 84
24 138
8 144
13 144
39 151
5 13
16 98
62 103
52 137
186 190
139 163
45 155
2 150
31 50
18 69
105 117
60 131
178 196
153 180
12 90
20 82
37 199
106 188
13 38
114 161
11 157
53 90
45 162
122 137
47 99
77 137
31 104
150 183
74 113
129 172
85 138
54 91
178 197
49 176
32 131
66 111
108 173
21 78
32 171
27 155
31 186
133 135
169 175
80 103
54 127
65 183
2 187
59 89
14 145
21 54
5 107
58 133
160 198
10 97
32 46
52 59
114 167
107 193
7 90
19 183
7 174
150 190
67 83
112 121
28 44
33 112
28 129
105 148
118 124
151 169
63 147
14 116
104 114
39 162
82 90
81 99
115 155
99 180
60 135
154 186
31 148
173 175
63 93
17 165
120 161
26 163
13 43
147 156
75 84
12 75
53 102
116 149
21 172
77 118
38 176
23 40
127 159
87 102
12 191
73 83
172 182
117 125
41 191
77 195
80 136
86 111
21 184
88 188
13 120
3 55
150 171
139 153
85 116
80 108
97 101
46 67
72 117
17 175
125 140
27 51
66 198
24 67
22 148
171 186
56 91
3 56
8 141
91 144
41 192
24 162
40 78
18 44
47 160
62 157
56 60
169 188
9 128
56 75
45 160
61 67
58 168
50 144
34 141
71 195
68 79
48 105
14 18
38 179
150 181
12 91
8 26
67 109
83 147
183 195
7 163
14 78
76 150
56 133
28 49
44 161
42 169
106 147
86 104
40 192
82 160
119 182
83 104
23 109
29 164
3 108
144 192
116 140
33 123
81 165
72 103
89 106
37 179
66 149
27 172
62 190
70 131
36 47
18 136
4 15
177 178
76 136
100 127
6 141
146 189
112 185
10 126
8 154
77 155
49 178
54 169
161 171
69 189
69 115
48 59
33 73
73 198
15 54
76 144
4 22
7 119
77 191
8 142
103 166
135 179
51 132
162 197
90 95
14 187
1 86
2 144
41 118
24 27
92 135
93 106
56 162
53 152
23 192
76 199
90 192
42 125
38 115
79 191
13 134
5 121
74 171
105 198
20 149
77 182
145 154
65 109
2 167
10 170
27 104
98 113
33 56
60 61
63 116
92 154
66 200
84 140
2 123
144 153
164 183
40 107
124 199
161 186
71 78
85 143
87 187
15 109
124 127
2 184
52 112
11 137
69 79
37 99
98 142
24 172
73 101
107 125
24 154
132 163
119 175
51 83
63 99
118 195
10 133
67 165
125 173
63 120
20 169
91 126
19 153
17 172
39 106
60 87
162 182
60 199
89 137
84 172
62 118
17 140
32 198
125 187
158 167
37 52
19 164
56 83
65 74
123 200
73 122
170 192
16 105
76 152
40 120
27 94
83 124
59 147
136 165
81 101
72 189
5 24
52 79
74 109
117 169
24 97
133 134
31 106
55 182
126 174
54 141
138 200
76 191
63 92
154 177
72 172
77 156
28 54
76 147
65 99
52 132
46 161
90 183
121 171
67 174
10 136
7 33
10 48
123 191
149 155
18 170
52 89
46 70
58 106
6 148
95 158
36 87
147 193
40 108
72 180
18 122
16 44
11 188
40 188
96 115
128 177
78 83
37 39
1 36
18 73
49 167
89 195
17 96
32 161
37 82
75 77
125 168
93 95
121 195
32 86
95 197
138 154
24 121
92 109
122 129
109 200
110 111
37 197
1 53
161 193
142 184
55 142
94 189
49 170
94 148
44 200
41 185
188 198
191 194
45 170
51 150
152 188
40 76
99 161
135 184
87 189
20 22
157 176
129 136
50 58
18 96
26 39
108 162
121 126
84 119
46 87
98 185
187 190
6 199
49 188
168 180
54 182
109 163
109 156
175 181
19 61
9 91
133 177
58 125
31 83
12 94
25 185
88 166
54 132
148 185
115 157
15 29
40 116
98 115
53 135
45 177
5 43
124 182
140 179
75 132
102 181
42 121
104 112
12 197
89 167
15 147
67 151
91 120
45 60
92 170
175 180
41 158
10 182
50 163
75 141
76 163
52 71
27 99
40 75
171 194
166 176
152 172
65 191
146 190
5 118
148 192
29 106
33 167
63 189
63 161
80 89
8 10
41 46
41 175
59 105
7 32
53 104
34 149
45 64
103 131
22 23
164 196
85 163
29 83
132 142
53 113
27 77
75 133
73 161
80 88
19 26
26 151
134 192
158 183
33 50
25 188
96 155
123 164
83 187
46 162
73 153
85 135
56 120
10 117
153 156
4 39
39 126
132 173
30 62
42 85
38 116
125 148
164 179
4 92
33 59
78 165
31 131
111 151
28 73
117 194
40 50
73 79
104 115
20 138
115 188
109 183
5 123
52 151
67 160
165 185
5 18
34 131
10 176
67 164
62 196
105 177
80 172
41 142
119 135
132 138
25 105
73 128
7 123
49 190
48 52
132 133
142 163
55 135
141 159
108 172
59 152
120 172
33 38
122 188
34 37
40 143
67 130
80 157
3 53
88 169
9 30
165 170
85 97
109 198
178 195
21 62
46 79
17 146
39 182
87 157
38 48
90 185
65 169
15 182
1 122
44 66
25 35
68 162
104 177
54 64
19 142
48 103
101 141
1 34
132 154
156 191
71 103
67 103
89 185
66 87
119 123
29 170
80 133
74 164
105 194
50 61
58 140
28 57
4 40
21 37
149 154
187 196
20 119
72 101
88 164
77 141
55 78
52 62
34 40
136 146
41 151
29 185
96 192
189 195
32 175
104 164
89 121
127 130
32 87
48 180
13 138
67 108
100 103
15 166
10 164
121 176
76 145
126 186
125 171
108 160
99 147
31 47
52 182
140 146
156 187
60 75
161 179
93 149
91 105
20 89
43 79
59 66
