200 4950
175 189
4 140
138 160
165 198
27 171
12 115
99 194
76 181
18 29
158 192
59 133
69 169
31 147
18 123
51 169
46 56
1 31
85 124
10 158
18 181
72 76
70 104
11 52
15 168
122 183
77 132
79 86
3 124
123 142
18 24
32 146
23 168
21 86
8 33
43 116
46 66
90 198
34 62
32 95
5 92
89 192
1 141
81 113
53 68
64 66
131 183
2 179
109 112
129 151
115 125
10 110
43 183
33 94
47 131
56 128
19 137
73 100
1 15
40 161
45 55
152 154
4 138
71 90
102 186
58 127
40 171
67 179
180 199
74 175
4 62
82 92
2 191
37 159
182 187
41 148
22 94
149 185
68 185
77 195
26 140
60 71
76 102
56 124
111 114
160 167
83 187
1 93
42 184
44 144
52 88
91 118
101 133
69 198
15 29
119 156
22 191
22 127
80 95
4 184
12 113
99 115
74 116
64 173
163 186
18 117
142 189
58 174
79 133
131 155
128 131
33 113
133 149
114 193
95 137
23 162
153 175
84 199
68 72
53 133
141 149
3 82
118 180
73 129
164 176
2 92
35 157
20 90
154 169
17 37
146 195
110 159
3 140
35 144
10 34
78 136
126 139
103 109
50 84
106 140
140 186
161 190
55 173
120 153
47 59
124 199
11 25
16 157
3 148
38 98
147 148
53 200
71 91
55 141
37 179
57 118
64 111
99 185
34 143
19 95
18 97
12 129
175 193
30 171
21 81
99 126
1 41
144 194
81 196
26 47
5 127
65 95
160 176
10 194
28 95
38 45
19 64
79 80
165 199
19 69
132 134
25 67
47 136
21 47
83 92
1 121
64 96
49 105
80 91
120 182
3 151
27 124
86 177
22 114
6 76
24 127
55 177
81 159
108 134
61 111
78 158
194 198
49 65
10 49
91 130
28 30
44 162
57 129
47 119
84 157
7 175
36 62
43 65
13 71
10 28
63 169
124 150
155 156
128 168
163 178
65 121
118 195
44 145
32 118
38 161
101 178
28 46
23 98
13 199
145 194
52 191
49 121
164 170
3 21
41 52
9 80
48 97
94 155
18 193
55 198
1 127
21 130
14 109
26 158
72 153
40 197
99 176
157 199
11 17
134 150
118 176
31 71
170 191
114 154
70 133
31 181
152 161
188 193
45 66
1 55
175 184
76 185
104 148
70 200
134 143
166 174
47 175
64 87
20 200
40 97
88 193
34 55
107 131
108 123
102 127
67 182
159 191
28 79
111 171
98 191
1 110
19 150
9 110
21 178
3 109
4 194
31 174
65 133
113 193
113 199
72 190
79 92
28 178
70 98
66 114
110 188
44 147
93 197
54 102
20 58
76 94
25 36
9 76
152 176
8 10
162 167
2 65
84 132
15 79
195 198
50 62
37 75
13 119
170 186
16 47
37 180
78 175
24 30
58 116
26 110
86 200
60 155
101 102
67 124
52 63
26 76
28 42
83 90
150 167
90 143
78 165
3 32
41 84
6 66
76 180
19 56
88 101
112 139
6 91
68 153
57 161
59 183
11 137
118 161
32 60
22 122
7 196
42 105
7 121
13 188
129 154
130 187
18 80
17 125
28 146
88 190
25 89
41 94
30 84
47 95
48 155
50 86
1 180
24 31
100 125
53 160
41 130
12 190
96 116
117 148
38 73
51 139
8 47
90 98
4 11
71 87
71 178
118 177
17 99
99 160
112 184
80 89
188 198
40 82
123 141
46 58
138 177
3 60
104 199
52 75
81 88
125 126
115 130
160 173
71 171
35 188
74 111
68 156
28 166
2 166
7 77
166 200
9 155
138 166
20 27
130 169
41 143
57 171
58 64
3 126
1 158
67 149
69 124
97 153
13 41
121 169
136 142
140 189
100 195
27 197
90 170
38 185
35 81
32 133
82 190
106 134
119 126
82 186
121 167
98 143
38 77
18 36
18 157
26 199
166 177
43 134
87 132
2 52
114 140
81 157
101 127
14 111
30 190
8 136
76 90
63 161
90 130
48 71
34 96
5 155
36 103
29 178
78 162
10 102
12 183
69 174
8 182
8 185
173 177
85 89
164 189
66 92
171 196
85 157
65 158
89 137
2 180
132 149
9 78
87 124
51 142
155 161
49 52
85 190
115 188
107 190
35 55
21 56
115 161
26 123
123 160
4 29
60 101
158 189
148 187
59 86
105 183
69 162
17 141
104 133
15 37
61 75
53 61
83 192
175 190
11 65
22 55
44 71
96 160
91 113
40 89
46 151
59 79
35 95
24 68
89 104
18 153
16 88
13 46
28 162
20 140
14 194
11 76
132 177
50 188
99 146
130 158
41 149
46 107
69 141
29 171
19 26
1 191
78 199
1 70
47 68
64 75
85 199
61 63
56 184
62 120
85 185
54 122
65 78
56 168
160 186
3 95
61 167
16 186
72 93
33 165
3 7
14 67
163 174
150 152
27 79
6 11
77 175
108 120
123 148
63 125
77 91
48 111
90 197
119 159
114 151
20 68
51 151
20 133
46 89
87 164
99 156
50 186
103 128
80 190
72 183
141 179
85 181
97 176
23 119
83 198
2 41
68 133
36 151
77 114
61 94
33 111
74 181
46 119
42 75
65 139
157 170
33 109
39 87
139 149
12 42
114 173
38 199
3 152
99 100
113 114
30 89
52 65
109 125
100 150
88 176
153 164
72 187
67 72
97 195
4 83
170 192
52 143
38 124
53 169
119 191
101 124
117 161
1 53
143 170
23 92
172 176
152 188
86 161
163 196
143 166
19 25
58 121
141 183
38 68
88 144
64 167
93 113
122 136
179 192
26 122
63 70
143 173
48 171
82 165
81 166
53 72
103 125
13 47
184 188
23 46
132 145
140 178
72 178
44 182
69 138
15 128
115 126
24 103
153 170
52 53
173 193
90 174
79 87
55 131
106 126
173 188
155 185
23 28
23 197
175 198
71 169
40 74
64 103
89 182
130 151
108 157
131 168
42 121
95 121
138 140
55 160
69 99
114 165
144 172
112 155
32 107
1 125
103 136
72 86
141 174
73 78
117 142
106 177
47 139
82 157
151 179
4 169
74 90
9 165
158 165
34 164
65 137
125 185
192 200
64 116
66 158
11 54
44 77
170 197
67 89
82 160
51 89
46 139
142 182
30 66
17 163
21 160
38 180
116 152
58 94
53 103
121 168
70 154
143 172
27 29
14 200
60 146
21 116
5 39
5 129
2 94
4 58
71 139
10 76
181 185
33 135
45 76
31 191
23 132
72 88
30 185
6 25
48 127
25 124
114 150
94 175
35 172
173 197
6 44
46 76
22 26
148 190
5 68
5 148
22 111
60 191
39 57
3 184
109 117
8 128
58 147
31 111
84 156
83 156
164 180
40 136
35 185
81 135
13 20
14 108
53 79
80 104
42 110
2 77
185 188
84 114
34 67
87 90
72 146
122 140
96 169
11 171
55 104
19 75
144 196
45 157
38 51
39 90
117 119
24 27
43 50
69 106
35 196
66 149
72 96
45 174
6 114
10 149
105 175
106 180
110 139
133 134
38 113
71 137
5 83
90 138
48 186
37 175
2 111
13 14
28 40
28 38
95 96
34 188
33 170
92 94
26 64
75 188
40 46
95 159
57 86
4 187
70 77
38 127
76 174
18 176
27 96
63 123
122 184
18 122
67 68
135 146
94 176
48 87
33 76
80 121
3 116
35 142
158 185
45 85
37 57
63 82
31 160
113 169
42 177
60 66
92 100
18 183
121 164
126 197
5 145
5 28
9 29
68 144
51 65
148 155
5 136
129 133
25 69
66 186
27 187
43 78
38 166
135 170
153 172
84 143
140 187
101 132
57 63
20 128
146 174
99 187
136 200
47 135
51 158
92 177
74 129
21 60
99 142
123 173
148 150
34 123
64 159
1 107
27 169
40 172
36 165
92 138
31 150
7 141
118 169
19 93
22 95
103 179
154 173
3 81
110 149
136 149
126 155
97 174
36 144
136 192
62 73
120 188
2 91
91 99
61 145
16 83
42 134
110 144
88 109
84 102
45 87
131 177
125 162
10 89
134 168
26 189
31 163
88 105
4 93
182 189
29 143
151 180
72 189
79 132
79 109
80 107
8 72
141 182
31 190
14 41
36 71
18 106
17 159
45 177
42 120
7 191
152 199
117 170
66 180
10 168
101 145
102 136
69 150
3 175
52 73
2 188
180 183
77 177
94 133
29 119
6 16
66 96
72 199
15 125
44 134
96 187
66 167
49 76
34 166
21 64
17 169
29 45
29 116
106 197
12 143
38 162
25 65
77 118
18 40
8 109
51 77
80 111
48 180
118 160
77 157
81 148
4 176
10 88
5 99
104 144
149 152
22 105
47 56
26 33
30 55
28 134
128 193
43 62
182 188
17 92
31 194
51 83
61 79
164 182
31 90
54 184
1 171
134 147
33 34
5 59
12 136
47 147
128 190
129 136
32 199
13 192
75 175
15 18
88 117
152 153
117 188
50 141
38 183
45 81
62 126
117 122
48 161
76 80
109 126
175 181
176 187
29 145
86 90
120 187
75 130
61 151
39 191
152 177
111 155
64 110
32 36
148 165
35 152
117 127
35 56
166 191
17 148
17 104
90 125
17 72
151 167
16 156
2 114
128 134
61 190
36 125
153 196
73 101
30 163
8 73
92 96
31 61
31 175
62 148
30 181
145 160
1 118
113 166
9 134
76 190
96 199
91 122
99 162
8 120
129 145
6 70
28 52
134 162
1 30
98 140
13 95
20 98
126 146
6 174
179 186
37 172
94 139
145 174
68 159
49 159
92 142
41 48
105 110
94 128
36 173
171 190
4 147
79 81
89 90
19 165
6 63
161 189
45 156
78 96
66 77
79 91
61 187
42 55
7 66
68 187
132 183
2 158
62 182
64 169
3 153
166 173
35 136
148 197
5 130
111 154
97 149
34 168
123 189
6 15
76 188
21 35
162 163
94 144
101 106
35 43
55 151
48 128
89 134
140 144
30 64
109 143
33 185
50 182
130 189
149 196
3 113
176 194
126 162
177 180
131 166
123 177
35 146
100 180
43 89
106 153
72 181
9 92
40 124
1 21
129 161
25 173
85 158
26 149
101 104
28 145
74 128
93 104
9 126
77 93
12 83
127 184
67 141
102 194
3 167
110 142
17 80
56 66
9 50
43 123
102 122
30 182
19 21
31 39
41 167
25 174
41 155
8 151
91 92
6 105
140 169
30 141
19 145
115 117
42 68
69 78
87 95
89 188
57 58
1 193
7 75
56 77
35 64
37 123
32 122
46 162
64 136
99 171
12 173
95 184
109 164
62 87
19 197
77 181
65 174
74 151
82 145
99 107
104 141
197 200
119 139
22 85
59 199
64 69
18 114
54 199
46 123
26 151
101 164
91 167
42 78
65 96
43 150
109 140
181 198
89 141
71 151
121 144
40 150
149 192
18 27
28 131
7 139
34 48
19 143
56 108
108 162
69 110
29 103
13 193
16 197
99 103
142 180
25 50
76 108
40 196
25 129
48 130
86 109
53 181
39 82
27 110
65 76
126 132
12 114
12 54
121 177
9 94
44 75
10 126
62 171
47 50
21 174
152 172
142 167
42 176
63 124
35 148
1 96
35 127
93 194
66 181
29 100
6 127
28 92
78 85
125 175
81 182
5 185
127 155
13 50
42 153
4 100
35 167
76 151
2 134
43 115
76 99
39 195
183 195
26 53
43 64
68 150
50 116
86 108
178 185
113 116
33 141
68 81
16 31
103 198
24 124
2 144
10 129
4 79
46 136
12 188
112 140
126 131
101 199
142 200
76 91
107 184
31 40
82 90
55 140
130 162
105 187
61 118
139 148
46 97
2 51
54 72
12 145
25 154
29 91
59 195
126 179
40 138
84 108
22 68
37 160
12 23
103 162
45 105
23 63
125 134
46 190
67 114
98 115
158 164
28 32
18 49
92 163
6 81
168 195
20 157
91 177
120 194
22 39
21 142
102 173
78 113
39 158
57 146
72 138
47 167
19 134
148 185
6 82
25 143
46 118
17 102
152 186
16 34
151 187
94 152
31 34
1 94
48 169
50 144
19 71
139 164
13 34
79 131
24 65
78 119
21 57
32 59
3 47
68 125
173 184
125 165
58 163
31 104
22 158
97 166
3 168
16 87
37 188
104 151
136 184
4 131
35 171
104 162
191 200
40 109
42 90
39 171
140 150
71 191
40 170
128 160
102 104
16 170
44 47
8 18
25 99
104 134
86 130
103 193
164 195
32 85
65 89
50 105
128 153
87 189
40 173
151 189
77 154
104 172
20 115
85 193
121 154
44 192
30 74
69 145
181 192
95 164
9 83
52 118
110 125
34 187
161 167
104 159
12 162
47 96
54 156
12 81
86 136
17 168
168 199
90 175
69 96
4 39
135 191
118 188
131 142
21 146
28 195
112 142
46 115
123 182
128 164
10 170
68 117
89 124
31 128
7 173
15 59
101 142
56 178
4 61
96 110
17 107
103 129
67 157
2 4
77 112
7 93
18 89
1 138
36 85
24 51
60 102
16 100
107 167
3 154
68 180
12 125
37 166
62 100
87 134
128 172
43 152
25 168
14 140
1 185
34 49
173 199
11 106
122 197
87 104
70 144
103 142
153 154
27 183
85 120
97 169
27 112
123 127
91 138
11 96
41 142
58 186
19 193
85 130
98 197
28 152
95 197
12 49
35 52
125 192
59 102
109 151
64 162
88 133
167 183
39 76
31 74
8 65
94 178
1 142
128 194
60 69
114 116
35 158
101 166
38 66
56 57
111 141
73 81
53 126
97 159
3 163
59 84
23 171
14 56
73 135
95 191
150 185
56 192
97 170
111 130
34 69
4 68
12 150
74 127
21 163
10 156
22 56
20 49
152 184
97 124
22 173
22 141
110 181
108 183
129 169
52 67
66 136
45 94
38 119
38 158
105 113
44 45
10 80
181 200
8 115
152 162
23 139
3 185
91 142
76 133
47 61
133 145
119 145
75 95
15 107
172 193
24 44
56 148
128 129
91 164
189 194
147 160
56 137
50 77
35 51
10 182
93 140
23 52
130 161
81 86
63 138
12 96
75 150
63 66
22 74
21 172
149 181
116 140
15 61
130 154
14 52
8 184
85 168
7 117
127 160
162 182
81 144
14 172
150 160
8 129
86 111
96 194
32 63
97 118
63 99
23 198
85 142
80 117
67 74
43 114
182 200
68 84
98 133
90 101
53 129
27 127
52 126
44 165
113 123
68 100
9 176
76 105
36 177
43 192
155 197
8 146
172 192
114 153
131 179
20 53
76 187
30 32
58 133
20 182
166 176
7 160
15 110
3 156
137 166
46 163
3 34
32 81
27 73
72 182
35 39
113 168
81 197
7 15
1 189
88 139
26 72
131 167
83 149
79 178
82 199
86 91
32 144
42 103
1 13
38 58
76 194
37 71
32 150
29 180
81 151
100 119
128 191
6 58
142 154
96 164
185 198
98 160
47 110
10 121
55 77
133 197
10 141
52 56
65 120
29 150
4 146
120 173
26 121
24 36
32 179
47 145
167 197
40 117
86 197
93 103
9 200
89 151
15 25
36 70
103 156
1 50
47 113
75 162
58 129
181 193
6 166
26 200
71 166
169 187
11 130
84 93
62 143
25 151
69 170
144 167
25 146
32 170
101 197
47 160
18 140
92 154
2 54
10 30
10 29
18 137
109 167
21 187
7 72
52 157
53 188
181 195
169 200
55 87
28 158
86 187
165 171
15 35
65 141
93 163
163 193
64 113
110 137
31 55
43 95
175 182
55 190
60 65
66 153
47 98
105 174
36 53
155 188
145 172
56 99
97 175
33 123
129 195
170 176
23 178
136 151
82 94
37 86
65 90
59 92
75 129
71 200
134 179
26 114
23 143
130 174
60 143
52 68
72 124
177 179
82 138
72 180
180 194
45 194
40 156
61 165
1 149
23 84
42 81
36 65
89 126
108 156
108 149
3 53
63 137
9 21
59 158
19 67
41 145
80 181
151 159
33 190
30 97
99 180
13 189
136 178
154 175
25 28
58 73
61 125
73 140
141 150
86 114
102 103
170 187
82 181
83 152
77 198
103 120
30 170
9 67
73 199
37 137
5 87
3 66
37 94
55 170
102 177
117 151
165 172
158 182
14 148
44 190
78 155
29 70
50 71
41 135
55 64
173 182
9 149
23 97
67 82
7 52
119 182
17 112
88 195
30 99
131 181
70 91
109 122
161 163
33 117
159 185
66 159
56 100
27 122
14 15
91 93
69 129
51 191
22 23
30 96
79 105
40 41
147 184
68 189
71 98
50 108
2 170
156 159
52 134
58 199
146 187
8 181
6 47
19 105
85 135
22 196
9 125
73 127
11 22
1 177
80 186
62 128
94 163
113 124
66 83
79 141
2 126
101 108
186 192
63 93
24 55
38 93
83 140
18 196
28 141
6 62
158 172
27 57
107 139
35 45
6 86
74 107
38 120
78 110
98 189
70 112
50 129
104 127
123 129
40 47
14 173
74 91
162 165
10 103
93 125
111 165
46 183
42 187
112 165
56 101
41 196
113 164
2 161
107 146
12 169
33 46
7 35
6 93
51 74
105 162
131 199
62 184
115 179
32 76
84 195
132 142
87 175
23 138
37 135
155 196
15 41
9 189
60 75
2 138
35 163
135 188
18 162
63 108
124 138
5 66
105 155
55 113
20 136
38 189
87 141
32 157
19 152
38 59
66 140
91 159
29 51
39 67
79 95
100 121
182 196
150 171
133 199
61 96
21 69
67 151
21 119
2 14
149 154
12 181
58 190
175 185
77 156
5 14
54 160
80 127
77 84
26 32
167 168
159 167
26 98
37 140
105 166
138 147
68 86
29 75
68 98
5 96
20 75
197 199
9 28
144 157
47 127
22 80
16 78
92 128
86 99
35 87
12 175
64 137
78 183
135 137
66 85
108 171
40 140
25 108
11 192
130 186
42 60
37 47
51 122
74 184
134 197
155 160
119 123
85 100
77 146
161 164
33 143
46 171
24 176
58 192
20 101
111 124
11 66
86 158
94 108
175 183
74 185
17 110
5 44
71 109
57 140
10 56
105 127
19 125
58 59
6 108
45 190
135 158
171 197
95 152
46 196
26 37
122 170
42 151
114 146
89 97
1 102
104 129
138 157
78 178
133 194
108 200
57 89
89 129
10 147
128 170
117 128
157 175
167 181
116 176
132 164
15 56
73 95
40 59
156 180
114 167
24 175
99 153
88 180
14 25
20 79
5 20
117 153
54 145
154 186
83 136
53 136
1 80
17 71
19 181
20 99
38 110
65 138
74 108
19 47
149 168
153 169
14 110
33 38
56 89
72 118
39 91
18 76
100 199
112 124
17 46
30 131
77 197
59 177
2 8
9 88
116 187
112 118
2 75
41 125
108 146
63 197
61 184
34 50
145 154
17 97
37 150
130 177
2 35
152 179
91 98
16 181
102 114
25 122
52 199
44 115
14 83
72 177
62 136
46 64
88 149
75 106
159 173
109 200
193 197
58 69
32 128
86 149
50 89
143 161
3 97
100 110
97 182
9 129
36 64
83 127
81 134
75 118
46 121
41 50
44 59
94 149
64 161
11 124
60 188
21 29
162 197
49 116
27 132
4 112
34 153
22 104
38 92
67 80
64 139
58 93
77 82
66 87
57 67
126 196
35 122
32 115
67 123
74 87
41 108
15 89
114 196
12 117
83 103
21 154
108 136
148 160
8 80
9 171
39 108
169 183
3 165
61 107
17 83
144 147
10 86
24 196
55 83
145 147
60 142
12 144
45 165
105 120
52 171
22 170
5 111
70 113
54 83
100 134
96 124
155 174
11 133
79 193
10 104
47 102
38 134
16 150
31 200
9 107
56 117
59 89
67 106
1 143
49 142
100 194
62 68
68 136
20 174
107 182
141 159
75 149
2 124
5 63
103 134
39 53
37 41
29 132
6 89
134 180
68 157
12 157
51 104
47 172
86 115
76 144
26 106
12 158
1 131
42 144
81 150
15 98
103 149
32 84
57 66
62 164
96 178
131 150
13 59
78 130
50 176
146 180
1 151
25 102
85 186
36 102
43 68
1 105
109 144
69 183
143 147
4 144
6 154
52 146
33 137
98 119
4 24
67 133
144 150
141 177
9 151
7 197
116 143
75 148
48 179
54 109
16 128
33 57
29 60
60 181
47 173
26 97
98 105
94 151
69 151
60 158
62 125
35 159
49 134
109 175
54 114
6 102
7 17
53 157
5 71
45 67
27 160
9 133
140 165
61 130
130 182
131 197
41 90
89 186
73 157
49 60
7 69
7 48
41 112
84 139
37 90
112 159
61 120
34 178
40 168
100 135
85 177
78 91
72 130
17 111
25 193
138 199
18 160
4 34
45 130
59 138
152 183
36 81
5 110
127 181
47 187
47 100
11 100
59 116
31 85
28 126
16 68
52 155
54 64
125 200
4 13
114 177
61 83
6 41
16 57
36 166
5 199
175 177
83 189
37 162
127 157
65 114
169 184
43 167
28 159
87 183
90 93
114 144
2 147
28 123
31 162
119 176
4 149
44 135
72 186
64 86
43 118
17 87
8 52
41 179
46 109
75 147
73 105
94 100
11 122
38 107
82 164
54 197
69 101
9 144
80 174
106 108
48 115
39 148
43 72
76 79
34 193
66 122
109 194
16 167
113 150
22 134
20 65
16 95
116 170
154 184
13 191
2 82
36 190
92 168
46 61
63 176
33 155
112 174
121 181
12 134
111 113
102 131
80 184
57 136
4 191
4 130
165 168
136 164
4 180
38 121
36 176
11 176
152 163
113 194
131 193
34 139
33 164
52 167
71 198
142 162
47 159
108 121
52 79
111 178
4 118
5 200
43 73
137 154
3 76
94 187
42 168
67 134
32 93
145 162
10 23
48 193
118 125
120 159
27 134
123 184
94 184
5 189
96 182
78 194
53 121
98 198
100 143
169 197
20 124
164 166
114 156
2 101
5 19
38 43
137 172
60 123
167 184
150 198
18 113
129 175
146 160
22 37
71 195
142 168
183 200
27 39
163 183
33 168
104 156
75 77
185 187
110 187
102 180
4 120
67 97
67 131
147 179
2 32
187 189
158 190
78 114
34 36
33 85
103 111
87 119
173 183
6 146
64 138
121 126
84 106
24 162
30 183
76 143
77 99
29 121
54 195
39 180
95 190
76 139
73 182
52 104
101 129
124 147
47 99
6 156
17 62
136 156
156 195
116 179
117 144
4 20
15 43
28 179
84 101
8 61
170 189
39 182
20 169
86 163
135 181
51 193
117 129
77 155
98 192
98 194
27 77
158 180
42 85
48 132
30 145
50 66
144 180
3 55
29 126
10 35
7 190
30 198
130 170
36 99
9 139
41 87
61 197
79 143
18 71
98 101
36 129
13 67
7 148
57 62
45 198
97 157
17 199
37 192
108 170
44 105
20 184
113 170
144 165
134 153
13 69
125 197
55 153
6 59
120 183
49 78
10 138
80 191
80 170
122 133
4 125
64 122
30 71
112 121
13 70
31 68
142 157
73 125
150 161
74 152
99 174
69 171
122 148
137 198
112 141
12 178
20 195
119 148
117 125
53 158
37 186
90 191
173 187
55 155
34 52
36 199
84 190
77 116
45 189
118 151
111 117
37 97
190 193
59 134
6 129
26 181
57 192
124 156
14 127
103 115
125 129
4 41
9 162
19 59
82 171
68 108
47 89
25 59
67 111
74 169
97 100
105 165
16 18
35 130
132 185
9 163
20 172
169 180
141 144
178 187
112 131
141 191
128 189
81 168
109 141
79 155
43 76
116 171
49 173
97 108
43 139
116 146
29 47
2 74
151 154
19 42
47 177
35 187
64 168
104 185
30 72
152 165
88 172
35 197
90 183
71 85
3 44
98 177
30 178
67 176
186 196
6 145
42 194
76 107
51 60
9 193
16 192
75 151
128 196
162 196
52 74
31 134
18 48
102 192
138 189
5 177
62 178
129 142
11 85
29 188
179 195
60 132
12 139
22 129
167 186
11 156
106 156
8 50
65 103
15 161
144 183
142 156
38 170
3 35
64 190
94 140
56 129
82 112
2 71
152 193
83 138
88 160
16 37
8 44
26 150
32 145
99 168
117 184
24 56
67 139
68 96
171 172
139 183
27 53
5 118
24 182
40 111
176 198
15 71
36 59
61 177
127 182
81 169
93 159
187 197
168 179
76 109
136 139
49 197
101 134
78 189
42 147
137 179
61 113
138 185
6 110
153 187
84 120
10 183
31 115
2 169
8 58
51 90
3 48
37 51
87 94
17 131
64 142
84 158
36 157
19 85
38 195
60 122
8 41
14 37
9 75
52 105
153 166
122 200
76 146
34 53
180 192
60 97
121 123
35 141
100 120
23 135
103 116
3 172
66 184
12 66
35 174
90 157
24 116
72 98
66 193
31 132
14 44
8 90
58 200
105 199
3 85
34 112
48 89
87 142
57 82
13 113
74 136
40 123
46 170
83 126
65 180
112 126
7 116
35 65
150 170
115 177
51 179
6 142
24 177
3 79
82 193
50 63
102 160
23 55
85 174
16 140
74 196
22 155
104 113
2 31
87 98
149 197
12 19
91 141
78 168
56 107
71 75
118 189
104 167
98 173
113 191
9 96
85 86
48 108
110 152
18 30
100 112
3 177
10 12
48 174
25 190
42 170
48 117
146 184
140 146
116 117
109 158
23 112
5 173
40 165
4 155
160 181
66 152
53 145
67 169
148 184
20 61
24 198
113 140
47 179
51 100
49 145
109 147
71 187
118 144
120 172
37 59
39 193
97 117
55 110
29 156
97 185
102 145
81 170
91 114
88 108
6 171
111 119
17 52
137 147
33 127
6 133
28 37
2 55
26 75
59 72
48 147
4 186
90 107
66 196
22 128
28 128
81 176
10 111
54 144
58 75
84 161
34 73
52 164
15 192
16 135
95 139
73 189
112 135
6 161
122 147
80 136
93 175
13 32
90 151
7 184
37 199
38 143
101 175
43 119
146 192
131 137
43 184
43 169
65 102
14 32
29 177
23 136
9 108
165 169
20 179
56 200
91 199
11 16
176 179
37 45
91 161
114 189
21 165
56 143
58 115
59 200
51 114
142 193
14 193
35 181
7 180
134 149
109 185
46 84
57 164
58 155
25 144
60 192
69 79
36 50
48 59
179 190
44 185
101 190
149 193
18 70
88 97
35 69
15 197
155 199
84 124
8 66
150 176
34 43
51 81
53 78
43 181
5 188
41 63
147 180
23 85
82 192
56 145
57 134
3 29
103 141
70 111
67 121
113 163
108 194
17 134
96 141
141 187
6 136
18 63
92 160
154 187
60 73
147 183
155 181
37 178
3 22
197 198
57 147
54 165
57 128
119 194
115 174
1 49
94 174
19 46
98 112
12 30
135 182
128 200
154 158
59 97
20 86
26 52
96 158
51 183
156 187
7 130
86 198
1 74
34 125
61 119
36 130
128 188
60 148
50 85
2 84
119 175
70 185
67 125
2 40
158 163
122 156
115 166
1 178
51 82
118 182
28 115
62 110
68 192
45 107
135 155
121 175
27 114
121 200
47 169
37 105
51 125
38 163
153 198
19 33
35 153
91 190
24 125
84 140
134 148
129 194
37 118
55 70
14 188
29 133
182 184
18 179
99 104
70 172
45 187
107 150
14 145
24 143
26 100
66 197
18 98
2 172
97 160
64 76
119 128
14 160
49 196
32 33
29 94
116 172
34 176
13 26
82 128
42 84
147 175
37 146
27 176
137 171
22 45
70 92
43 158
86 89
35 126
61 78
32 67
81 137
79 145
11 146
101 180
52 178
1 188
85 148
81 91
121 135
124 148
5 144
3 64
10 98
80 194
115 123
27 84
43 51
13 126
102 174
109 172
6 77
40 66
118 181
173 198
92 189
62 91
52 161
112 170
119 197
109 150
44 49
45 166
5 112
83 144
166 182
70 195
27 101
43 142
121 157
1 14
58 100
107 176
65 164
24 163
22 65
3 171
98 200
35 198
72 136
183 194
119 137
81 114
21 61
30 133
45 99
68 178
2 67
83 91
33 160
37 87
32 39
140 159
122 194
6 177
59 78
6 176
87 110
6 40
55 158
37 111
103 124
82 99
124 180
32 106
82 107
19 167
61 183
193 200
39 131
139 193
95 119
101 156
53 69
119 179
97 171
3 192
70 90
88 154
54 134
51 88
116 126
18 69
8 116
40 144
61 87
28 142
8 194
69 123
114 170
69 86
90 113
149 166
55 105
29 50
141 186
57 115
69 176
43 77
7 30
77 170
88 199
3 56
37 110
59 180
14 74
60 198
166 184
148 163
23 176
86 97
17 139
83 97
101 144
71 125
148 198
80 133
145 152
7 67
74 160
4 57
43 66
62 172
65 117
106 112
38 125
58 139
40 48
27 68
115 158
19 57
36 88
60 194
23 141
49 193
74 109
72 165
75 166
53 180
103 169
13 37
55 138
104 196
39 159
71 92
1 129
34 116
16 194
4 40
3 112
16 71
27 161
170 183
88 132
86 155
15 44
71 115
84 164
35 63
19 132
130 146
88 165
75 178
47 182
34 42
57 198
11 144
111 200
87 171
14 133
132 165
88 166
12 128
55 137
37 171
21 198
26 198
4 7
4 96
49 125
139 161
60 187
130 132
16 180
48 141
17 76
33 96
6 194
13 24
116 144
18 96
104 165
92 139
42 175
92 134
87 105
98 150
107 151
23 68
164 188
13 157
92 148
125 174
150 165
47 193
116 118
11 135
100 128
153 155
81 140
115 142
124 170
32 70
63 101
21 113
65 91
46 172
188 189
153 157
92 157
1 187
55 122
18 148
10 92
162 189
154 156
12 199
47 87
89 125
27 37
12 167
11 139
108 124
18 50
102 105
31 56
1 42
5 137
90 190
106 173
8 94
52 103
131 144
65 181
27 91
57 177
154 192
125 144
21 27
133 168
130 168
187 195
112 154
42 96
23 93
108 189
16 56
37 198
9 192
18 91
64 180
53 178
5 81
24 113
36 94
25 87
106 190
79 103
27 64
3 24
18 128
137 150
145 165
53 117
89 94
126 193
54 93
34 144
16 65
47 164
102 170
57 85
8 93
58 74
90 140
74 84
7 172
25 34
19 99
122 126
77 122
47 183
108 191
95 166
21 112
49 200
174 178
112 173
145 196
74 198
51 79
67 153
54 158
142 181
104 111
18 159
121 184
61 80
45 137
140 182
62 151
41 86
127 146
11 95
12 163
69 90
67 128
131 158
58 135
24 52
50 158
121 178
67 145
44 70
95 156
39 196
2 181
47 55
48 140
141 196
49 172
13 33
106 127
20 93
103 172
48 166
45 158
16 49
68 131
41 126
119 189
49 184
131 160
15 45
1 166
4 30
59 187
19 24
46 138
44 171
59 135
79 128
45 61
80 140
138 163
49 80
11 38
127 136
33 73
74 77
121 189
37 112
6 57
37 103
50 161
75 161
106 149
28 107
131 184
40 64
53 90
14 88
2 30
57 195
3 158
42 113
10 99
15 30
77 80
30 105
20 92
67 164
90 105
6 27
24 57
127 165
64 183
47 198
25 73
76 179
127 178
85 164
4 47
106 199
30 46
91 106
152 166
103 191
137 184
142 197
9 98
37 155
73 132
100 155
167 169
69 74
115 131
74 134
99 200
87 140
159 189
45 150
38 88
151 152
4 164
28 122
21 115
20 34
31 193
90 184
67 92
51 97
2 24
99 130
119 152
62 122
73 102
27 47
52 121
2 13
4 195
18 115
67 117
10 11
84 183
65 118
14 162
9 143
71 80
30 56
108 133
5 21
142 190
90 189
43 52
193 196
80 145
195 196
102 116
148 152
35 123
154 165
68 109
22 63
66 147
46 128
39 105
72 81
3 119
27 180
77 103
26 42
37 185
50 184
7 96
15 77
90 155
3 80
66 102
133 189
17 94
61 135
105 181
11 155
8 29
74 180
20 152
29 194
102 190
9 86
25 92
71 157
45 91
53 197
117 154
17 182
54 187
72 115
30 160
105 106
85 126
5 51
27 143
54 140
55 150
21 99
58 79
62 64
23 172
125 186
73 128
7 11
22 57
105 182
43 173
62 84
20 109
33 90
4 16
162 166
8 125
27 89
20 121
17 29
119 158
24 169
71 181
10 81
98 168
191 196
109 156
69 76
60 138
61 157
108 179
46 126
68 85
146 182
43 112
61 166
112 132
62 113
40 169
27 131
116 136
79 148
119 186
40 51
135 152
101 140
61 188
155 163
36 42
5 114
169 176
109 189
92 194
63 146
124 127
107 142
30 134
3 190
57 158
107 154
25 119
154 200
25 43
12 14
37 190
6 119
120 128
1 92
41 181
106 132
106 185
28 86
86 126
21 186
21 144
78 163
167 176
41 75
34 182
129 158
42 58
22 49
37 44
163 199
9 128
100 175
4 114
44 178
26 152
123 137
36 181
38 80
148 177
92 116
6 8
25 62
29 40
23 91
25 166
63 120
40 92
43 179
9 87
31 127
81 120
146 168
79 167
24 48
20 23
60 178
101 193
42 138
19 30
17 191
48 200
88 106
117 178
28 82
50 157
50 101
75 134
155 187
9 10
8 57
126 153
71 196
34 128
79 110
127 129
75 173
21 134
13 15
79 113
99 188
29 141
36 45
76 84
174 176
128 138
117 197
39 173
39 200
8 195
81 138
75 94
24 91
33 122
75 140
34 88
54 66
176 195
33 145
139 167
50 200
52 61
30 94
92 135
72 87
35 189
108 125
128 174
97 190
26 112
25 155
137 176
43 63
95 130
23 163
43 166
73 160
10 118
10 112
56 146
148 200
8 15
11 114
3 197
59 119
75 82
143 157
90 148
41 166
79 173
105 195
106 192
65 149
90 193
5 105
139 199
147 199
51 94
85 113
8 82
155 168
121 186
96 172
153 165
51 152
76 140
150 199
32 123
25 120
46 191
31 97
83 197
75 157
123 175
14 137
70 127
106 146
49 57
83 176
40 121
7 46
17 86
44 196
115 133
24 170
94 158
29 152
49 180
51 68
24 39
94 150
68 154
60 92
88 188
4 109
82 180
45 144
23 133
136 158
90 181
98 136
51 106
123 188
46 130
29 149
76 171
6 61
65 111
99 163
102 128
18 126
2 62
48 182
50 115
119 161
59 61
8 183
24 199
49 174
121 194
61 180
115 136
138 190
29 170
166 169
13 102
74 125
13 48
138 145
22 194
149 153
68 74
70 116
25 76
114 188
49 140
13 108
28 182
22 200
9 25
85 163
33 138
57 133
76 118
99 161
114 192
39 71
103 146
32 78
75 107
50 167
159 196
25 140
19 84
33 51
84 138
26 167
4 84
66 195
40 62
185 197
8 113
132 160
46 52
78 170
112 147
131 135
123 191
132 167
55 106
26 178
15 106
16 54
16 124
46 141
56 115
137 189
42 43
12 51
23 34
8 133
41 168
62 145
78 144
94 122
97 147
21 150
28 63
44 187
100 139
179 182
22 53
77 110
7 29
65 184
17 137
180 196
12 141
141 143
15 81
60 167
11 51
113 183
96 128
135 192
4 17
105 163
5 121
22 142
122 167
12 67
22 137
15 91
138 173
121 148
74 83
56 97
190 199
99 193
97 143
157 165
67 91
126 190
51 121
77 193
83 166
151 174
30 108
50 95
38 56
38 79
63 72
12 109
41 65
117 185
87 147
106 124
12 75
48 158
29 79
163 197
85 117
160 175
98 103
45 63
14 35
21 139
42 97
88 185
6 190
161 179
54 190
23 187
98 175
117 176
57 199
105 108
14 72
11 26
53 153
15 152
72 175
72 163
151 200
44 111
19 88
88 125
131 187
36 92
39 119
121 176
91 194
148 188
52 168
103 176
30 80
71 78
135 178
116 196
77 149
31 37
44 152
81 100
75 122
29 71
20 91
46 195
162 185
59 166
63 177
14 39
60 81
152 159
55 99
7 195
119 196
118 147
24 129
49 178
67 93
58 184
22 189
139 196
49 73
11 91
59 143
159 192
101 161
79 182
48 149
32 86
9 127
30 60
22 62
113 132
20 162
13 173
55 62
67 95
1 76
24 138
29 123
28 180
123 144
39 198
25 135
134 141
3 54
126 166
124 191
63 79
66 157
33 54
22 190
25 188
10 145
29 77
95 158
128 146
24 45
50 137
84 146
104 106
134 182
57 74
4 136
73 111
26 65
116 121
73 181
109 170
88 142
57 105
61 168
128 185
127 143
8 197
82 125
58 157
57 180
16 171
135 144
8 148
101 151
108 117
112 175
108 138
6 151
9 37
140 174
17 179
75 114
75 101
163 185
151 166
112 149
119 134
37 189
21 145
82 109
51 190
71 180
23 140
66 70
164 181
19 166
41 163
59 165
16 111
69 133
113 125
54 55
93 196
58 109
69 196
113 117
34 127
34 122
8 34
134 165
73 147
169 178
128 175
25 110
103 108
4 101
93 147
107 140
2 119
66 182
64 98
84 88
27 62
96 183
169 171
117 167
111 172
6 72
20 144
113 171
174 181
31 126
4 150
152 190
156 190
13 166
107 159
34 46
140 158
118 198
44 132
60 113
125 182
146 155
110 200
17 183
64 196
32 155
22 184
57 80
49 81
50 149
58 126
70 161
61 176
91 107
40 153
82 152
39 55
22 167
9 102
45 59
77 169
132 166
107 108
78 192
110 113
12 36
40 45
39 79
91 172
11 185
59 104
49 103
24 72
29 86
27 163
114 147
138 161
61 86
72 129
119 166
54 81
119 136
99 172
65 151
54 142
12 104
130 198
45 74
153 168
187 188
23 161
43 190
59 188
32 127
3 51
147 155
43 124
74 155
1 150
31 47
94 101
71 73
30 152
122 168
86 123
1 122
23 72
120 134
135 160
6 143
183 185
59 114
85 151
32 167
98 135
87 162
18 133
158 175
83 107
28 192
29 130
50 175
33 188
35 114
116 120
105 179
109 182
146 175
149 157
131 147
26 187
22 102
49 168
161 198
64 81
15 16
86 181
9 97
15 26
112 144
79 195
83 99
33 125
3 155
50 83
86 88
72 194
22 159
26 185
51 131
83 164
8 126
13 104
34 59
93 142
18 45
43 200
166 178
27 193
112 198
33 151
41 199
56 103
2 145
54 84
115 200
112 188
48 177
27 58
31 88
24 167
123 169
110 193
2 152
85 110
55 112
85 105
76 137
51 132
124 193
56 194
193 198
53 176
128 135
110 119
89 147
12 116
20 95
151 185
157 178
62 168
117 196
1 103
58 177
85 161
25 189
85 90
47 195
35 166
37 79
42 70
142 149
110 195
80 99
127 153
136 169
17 75
38 138
16 146
132 199
4 107
66 131
31 136
40 55
44 151
47 144
37 169
70 105
138 194
68 140
133 163
100 170
101 183
42 109
63 187
41 92
23 89
61 91
114 127
113 126
34 84
31 178
154 163
31 95
31 195
179 181
73 179
93 185
60 163
20 129
120 177
81 167
55 148
3 45
17 49
11 33
73 145
113 129
59 124
102 154
15 144
3 133
32 166
113 137
24 92
46 185
27 87
1 200
123 139
9 112
122 157
117 136
85 165
54 79
96 139
78 135
46 82
153 162
8 159
13 122
181 196
34 47
59 91
127 179
43 85
173 175
4 88
17 90
55 74
41 47
30 61
67 77
83 175
155 180
115 129
79 124
82 187
26 168
24 28
131 164
4 76
107 111
71 95
152 160
171 191
17 25
8 13
53 92
13 154
97 155
22 123
180 198
126 175
28 200
18 77
41 69
13 86
18 149
67 113
109 134
106 168
32 92
31 172
5 46
18 156
29 191
155 165
55 125
96 113
82 195
72 95
176 185
10 125
148 149
69 93
5 147
9 152
32 51
34 134
110 185
17 194
5 11
10 82
102 152
54 56
190 192
122 193
114 159
10 179
25 191
22 179
7 199
27 113
37 200
55 98
79 184
11 183
98 107
3 187
54 129
20 38
61 74
24 168
20 45
17 172
31 199
18 47
30 101
48 104
70 79
103 122
127 145
53 196
25 77
75 141
95 185
14 147
3 139
68 102
37 126
162 172
92 124
32 164
49 110
20 87
22 91
153 194
18 147
83 200
115 145
52 173
4 33
12 16
132 187
138 186
39 125
118 145
47 88
51 153
75 152
66 124
53 75
88 171
25 78
114 185
107 129
13 99
83 118
14 192
169 188
30 73
22 29
46 159
41 152
71 72
171 182
83 110
118 174
109 191
40 181
136 197
48 164
14 124
72 106
3 160
95 153
23 117
64 84
7 110
35 91
170 179
57 155
134 151
52 148
47 178
45 78
66 75
70 72
74 172
146 171
54 73
10 167
111 135
94 146
67 158
8 131
75 126
2 38
43 101
120 147
158 161
95 165
27 156
142 178
83 143
26 95
93 177
27 56
25 48
36 194
136 153
55 103
91 119
79 122
3 84
101 173
26 39
122 154
83 146
123 146
97 111
182 198
58 165
135 141
134 196
35 133
54 176
14 182
32 45
71 112
113 121
23 90
86 190
84 130
14 31
31 54
69 136
133 185
83 183
41 44
60 119
17 47
47 128
28 47
128 173
1 33
49 136
20 70
13 165
16 51
48 142
65 198
35 108
51 155
56 58
75 108
37 101
10 181
95 110
54 74
48 94
149 183
46 140
11 131
72 151
14 27
40 118
89 119
2 193
81 117
43 194
29 114
23 54
159 170
87 120
40 135
95 172
38 188
17 181
59 175
116 119
26 34
124 126
13 109
171 184
63 152
115 146
88 104
21 42
28 35
51 154
6 90
18 92
85 162
54 153
182 197
9 43
139 154
145 197
105 192
82 111
77 160
148 158
5 84
15 174
16 143
65 104
62 162
45 170
76 93
19 140
88 127
83 95
115 147
32 42
46 189
115 193
57 170
30 187
28 140
64 134
111 184
37 117
15 180
89 197
5 38
92 119
19 28
4 53
28 157
110 178
34 158
39 98
104 200
71 107
172 195
4 200
98 134
136 143
48 91
92 136
106 166
36 143
64 104
37 67
49 113
79 138
109 166
56 193
38 165
110 155
70 150
15 57
45 176
57 189
18 99
145 168
115 176
32 64
30 83
115 154
13 127
27 135
25 97
51 85
92 126
31 151
13 65
86 93
7 57
43 48
96 177
69 117
9 115
10 36
55 175
41 131
73 77
1 87
29 198
13 197
61 159
114 166
43 175
71 173
28 181
51 196
24 140
50 155
7 153
87 117
15 199
165 176
38 109
57 90
30 173
90 94
125 183
16 24
32 40
78 107
121 172
184 190
23 131
82 166
15 160
116 190
45 182
120 198
20 66
49 155
184 187
73 171
75 181
164 174
143 146
95 149
109 160
20 151
135 157
103 184
21 23
118 196
85 118
132 156
118 119
53 58
44 146
127 147
2 141
38 147
116 125
44 179
116 191
66 154
45 122
162 190
44 103
11 80
9 104
6 153
57 83
115 162
58 91
22 146
50 172
73 143
17 138
44 68
62 77
99 133
94 156
35 180
63 102
103 105
157 182
137 177
160 163
32 69
121 124
143 198
135 189
32 58
28 80
57 169
100 164
70 180
20 63
10 27
146 150
150 192
56 83
13 118
10 100
72 116
7 27
80 108
61 194
27 119
99 184
12 69
89 130
63 92
65 126
80 126
156 164
35 120
134 190
83 113
103 145
14 138
108 109
88 173
76 117
54 126
84 176
35 101
96 117
49 96
121 187
57 59
88 92
139 165
21 171
14 61
5 7
74 197
12 194
78 182
17 164
133 135
101 176
91 125
16 178
69 80
38 192
170 173
111 136
62 188
14 17
32 57
11 82
81 110
9 14
41 171
77 96
56 79
25 118
36 95
101 112
93 168
15 153
105 188
84 154
151 176
93 118
67 98
82 113
4 135
22 172
19 127
72 80
62 140
165 167
114 152
15 131
71 88
89 100
14 114
157 169
44 53
109 155
80 152
16 26
54 110
87 121
46 54
98 190
14 154
29 83
149 155
25 93
77 90
47 93
119 169
24 94
62 94
84 129
48 80
69 115
10 164
67 194
46 169
24 174
80 171
24 117
161 181
65 82
29 72
36 47
39 174
10 172
42 197
26 43
141 153
32 162
21 181
44 141
94 191
4 65
38 123
89 156
122 144
28 125
111 194
122 186
74 123
82 200
14 155
69 109
5 174
43 197
186 198
